1 87.13 0.00 705.13 204.65
1 85.10 224.91 703.11 429.56
1 77.00 449.83 695.00 654.48
1 79.02 684.87 697.03 889.52
1 81.05 917.89 699.06 1122.54
1 79.02 1142.80 697.03 1361.64
1 727.42 0.00 1349.48 196.55
1 77.00 1373.80 695.00 1544.00
1 723.37 210.73 1351.51 407.28
1 723.37 441.72 1351.51 648.40
1 719.32 680.82 1347.45 887.50
1 723.37 921.94 1351.51 1128.62
1 721.34 1161.04 1349.48 1367.72
1 721.34 1385.95 1349.48 1544.00
1 1377.85 441.72 1995.85 648.40
1 1379.87 0.00 2008.01 194.52
1 1375.82 208.70 2003.96 415.38
1 1381.90 680.82 2010.04 887.50
1 1381.90 917.89 2010.04 1124.57
1 1377.85 1154.96 2005.98 1361.64
1 1377.85 1387.98 2005.98 1544.00
0 99.29 10.13 283.67 194.52
0 99.29 235.04 283.67 419.43
0 93.21 459.96 277.60 644.35
0 91.18 695.00 275.57 879.39
0 95.23 928.02 279.62 1112.41
0 95.23 1156.99 279.62 1341.38
0 93.21 1383.93 277.60 1537.92
0 743.63 0.00 928.02 184.39
0 733.50 220.86 917.89 405.25
0 739.58 455.91 923.97 640.29
0 735.53 688.92 919.92 873.31
0 735.53 930.05 919.92 1114.44
0 737.55 1173.20 921.94 1357.59
0 735.53 1398.11 919.92 1544.00
0 1387.98 0.00 1572.37 184.39
0 1392.03 216.81 1576.42 401.20
0 1394.06 453.88 1578.45 638.27
0 1398.11 690.95 1582.50 875.34
0 1400.14 928.02 1584.52 1112.41
0 1396.08 1163.07 1580.47 1347.45
0 1394.06 1402.16 1578.45 1544.00
