1 0.04221347331583553 0.0 0.3416346212537385 0.0 0.3416346212537385 0.13254593175853013 0.04221347331583553 0.13254593175853013
1 0.04123176463407191 0.1456692913385827 0.3406529125719749 0.1456692913385827 0.3406529125719749 0.27821522309711283 0.04123176463407191 0.27821522309711283
1 0.03730492990701744 0.29133858267716534 0.3367260778449204 0.29133858267716534 0.3367260778449204 0.42388451443569547 0.03730492990701744 0.42388451443569547
1 0.038286638588781056 0.4435695538057744 0.33770778652668404 0.4435695538057744 0.33770778652668404 0.5761154855643046 0.038286638588781056 0.5761154855643046
1 0.03926834727054467 0.594488188976378 0.33868949520844766 0.594488188976378 0.33868949520844766 0.7270341207349083 0.03926834727054467 0.7270341207349083
1 0.03828663858878104 0.7401574803149606 0.3377077865266839 0.7401574803149606 0.3377077865266839 0.8818897637795274 0.03828663858878104 0.8818897637795274
1 0.35243341675313805 0.0 0.6538179820545682 0.0 0.6538179820545682 0.12729658792650897 0.35243341675313805 0.12729658792650897
1 0.03730492990701732 0.8897637795275593 0.33672607784491976 0.8897637795275593 0.33672607784491976 0.9999999999999994 0.03730492990701732 0.9999999999999994
1 0.3504699993896111 0.13648293963254593 0.6547996907363322 0.13648293963254593 0.6547996907363322 0.263779527559055 0.3504699993896111 0.263779527559055
1 0.35046999938961115 0.28608923884514437 0.6547996907363325 0.28608923884514437 0.6547996907363325 0.41994750656167995 0.35046999938961115 0.41994750656167995
1 0.3485065820260839 0.44094488188976383 0.6528362733728053 0.44094488188976383 0.6528362733728053 0.5748031496062994 0.3485065820260839 0.5748031496062994
1 0.35046999938961115 0.5971128608923885 0.6547996907363325 0.5971128608923885 0.6547996907363325 0.7309711286089241 0.35046999938961115 0.7309711286089241
1 0.34948829070784754 0.7519685039370079 0.6538179820545689 0.7519685039370079 0.6538179820545689 0.8858267716535435 0.34948829070784754 0.8858267716535435
1 0.3494882907078472 0.8976377952755905 0.6538179820545684 0.8976377952755905 0.6538179820545684 0.9999999999999997 0.3494882907078472 0.9999999999999997
1 0.6675619035992593 0.2860892388451444 0.9669830515371626 0.2860892388451444 0.9669830515371626 0.41994750656168 0.6675619035992593 0.41994750656168
1 0.6685436122810229 7.57632510242889e-18 0.9728733036277439 7.57632510242889e-18 0.9728733036277439 0.12598425196850407 0.6685436122810229 0.12598425196850407
1 0.6665801949174959 0.13517060367454067 0.9709098862642171 0.13517060367454067 0.9709098862642171 0.2690288713910763 0.6665801949174959 0.2690288713910763
1 0.6695253209627868 0.44094488188976383 0.973855012309508 0.44094488188976383 0.973855012309508 0.5748031496062994 0.6695253209627868 0.5748031496062994
1 0.6695253209627867 0.594488188976378 0.973855012309508 0.594488188976378 0.973855012309508 0.7283464566929136 0.6695253209627867 0.7283464566929136
1 0.6675619035992595 0.7480314960629921 0.9718915949459808 0.7480314960629921 0.9718915949459808 0.8818897637795278 0.6675619035992595 0.8818897637795278
1 0.6675619035992597 0.8989501312335955 0.9718915949459808 0.8989501312335955 0.9718915949459808 0.9999999999999999 0.6675619035992597 0.9999999999999999
0 0.048103725406417226 0.006561679790026247 0.13743921544690638 0.006561679790026247 0.13743921544690638 0.12598425196850407 0.048103725406417226 0.12598425196850407
0 0.048103725406417226 0.15223097112860892 0.13743921544690638 0.15223097112860892 0.13743921544690638 0.27165354330708674 0.048103725406417226 0.27165354330708674
0 0.04515859936112637 0.2979002624671916 0.13449408940161553 0.2979002624671916 0.13449408940161553 0.4173228346456694 0.04515859936112637 0.4173228346456694
0 0.04417689067936276 0.45013123359580054 0.1335123807198519 0.45013123359580054 0.1335123807198519 0.5695538057742783 0.04417689067936276 0.5695538057742783
0 0.046140308042889995 0.6010498687664042 0.13547579808337915 0.6010498687664042 0.13547579808337915 0.7204724409448819 0.046140308042889995 0.7204724409448819
0 0.046140308042889995 0.7493438320209974 0.13547579808337915 0.7493438320209974 0.13547579808337915 0.8687664041994752 0.046140308042889995 0.8687664041994752
0 0.045158599361126345 0.896325459317585 0.13449408940161547 0.896325459317585 0.13449408940161547 0.9960629921259839 0.045158599361126345 0.9960629921259839
0 0.36028708620724736 0.0 0.44962257624773655 0.0 0.44962257624773655 0.11942257217847782 0.36028708620724736 0.11942257217847782
0 0.35537854279842934 0.14304461942257218 0.44471403283891847 0.14304461942257218 0.44471403283891847 0.26246719160105 0.35537854279842934 0.26246719160105
0 0.35832366884372013 0.2952755905511811 0.44765915888420926 0.2952755905511811 0.44765915888420926 0.41469816272965887 0.35832366884372013 0.41469816272965887
0 0.3563602514801929 0.4461942257217848 0.44569574152068203 0.4461942257217848 0.44569574152068203 0.5656167979002625 0.3563602514801929 0.5656167979002625
0 0.3563602514801929 0.6023622047244095 0.44569574152068203 0.6023622047244095 0.44569574152068203 0.7217847769028873 0.3563602514801929 0.7217847769028873
0 0.3573419601619565 0.7598425196850394 0.44667745020244565 0.7598425196850394 0.44667745020244565 0.8792650918635171 0.3573419601619565 0.8792650918635171
0 0.3563602514801929 0.9055118110236219 0.44569574152068203 0.9055118110236219 0.44569574152068203 0.9999999999999999 0.3563602514801929 0.9999999999999999
0 0.6724704470080777 3.608224830031759e-18 0.7618059370485669 3.608224830031759e-18 0.7618059370485669 0.11942257217847782 0.6724704470080777 0.11942257217847782
0 0.6744338643716048 0.14041994750656167 0.763769354412094 0.14041994750656167 0.763769354412094 0.25984251968503946 0.6744338643716048 0.25984251968503946
0 0.6754155730533684 0.29396325459317585 0.7647510630938577 0.29396325459317585 0.7647510630938577 0.41338582677165364 0.6754155730533684 0.41338582677165364
0 0.6773789904168956 0.44750656167979 0.7667144804573849 0.44750656167979 0.7667144804573849 0.5669291338582678 0.6773789904168956 0.5669291338582678
0 0.6783606990986593 0.6010498687664042 0.7676961891391485 0.6010498687664042 0.7676961891391485 0.7204724409448819 0.6783606990986593 0.7204724409448819
0 0.676397281735132 0.7532808398950129 0.7657327717756213 0.7532808398950129 0.7657327717756213 0.8727034120734908 0.676397281735132 0.8727034120734908
0 0.6754155730533682 0.9081364829396327 0.7647510630938573 0.9081364829396327 0.7647510630938573 1.0 0.6754155730533682 1.0
