1 0.04023121433359536 0.1281770657706103 0.3372716801633079 0.1281770657706103 0.3372716801633079 0.26979927830037553 0.04023121433359536 0.26979927830037553
1 0.03486705242244932 0.2769700232385915 0.33660115992441464 0.2769700232385915 0.33660115992441464 0.4230739513547417 0.03486705242244932 0.4230739513547417
1 0.03491138433907035 0.4355857160248313 0.3363684173621541 0.4355857160248313 0.3363684173621541 0.5748522499488603 0.03491138433907035 0.5748522499488603
1 0.03712798017012244 0.5859042954067434 0.3358142684043911 0.5859042954067434 0.3358142684043911 0.7222077115877079 0.03712798017012244 0.7222077115877079
1 0.04045287391670058 0.7399864180460947 0.336922566319917 0.7399864180460947 0.336922566319917 0.8799937314058897 0.04045287391670058 0.8799937314058897
1 0.3489528132450674 0.1204963015986638 0.6568523543436564 0.1204963015986638 0.6568523543436564 0.26246719160104987 0.3489528132450674 0.26246719160104987
1 0.34449050105523277 0.276783583870198 0.65863727921959 0.276783583870198 0.65863727921959 0.4199475065616798 0.34449050105523277 0.4199475065616798
1 0.3435980386172659 0.430684800763541 0.6595297416575571 0.430684800763541 0.6595297416575571 0.576234788833214 0.3435980386172659 0.576234788833214
1 0.3453829634931998 0.5869720830350751 0.6613146665334911 0.5869720830350751 0.6613146665334911 0.7265569076592698 0.3453829634931998 0.7265569076592698
1 0.3453829634931998 0.7361011691720353 0.6595297416575571 0.7361011691720353 0.6595297416575571 0.8768790264853258 0.3453829634931998 0.8768790264853258
1 0.6640693603144655 0.1236953501842235 0.9644624273386395 0.1236953501842235 0.9644624273386395 0.27069562141765263 0.6640693603144655 0.27069562141765263
1 0.6647398805533717 0.2769700232385915 0.9684855487720168 0.2769700232385915 0.9684855487720168 0.4212812651201877 0.6647398805533717 0.4212812651201877
1 0.6707745627034111 0.43203738252751167 0.9671445082942303 0.43203738252751167 0.9671445082942303 0.5718669088227228 0.6707745627034111 0.5718669088227228
1 0.6694335222256241 0.58172668311277 0.9698265892498027 0.58172668311277 0.9698265892498027 0.7219031838286789 0.6694335222256241 0.7219031838286789
1 0.6685436122810231 0.7388451443569554 0.9660013428553992 0.7388451443569554 0.9660013428553992 0.8727034120734909 0.6685436122810231 0.8727034120734909
0 0.04213363976379994 0.12985741066097944 0.11769940673148453 0.12985741066097944 0.11769940673148453 0.2676056528488922 0.04213363976379994 0.2676056528488922
0 0.34611587403512123 0.279714870810678 0.4297419894793593 0.279714870810678 0.4297419894793593 0.4174631129985902 0.34611587403512123 0.4174631129985902
0 0.035721998930177676 0.2792377266336462 0.11689735626063286 0.2792377266336462 0.11689735626063286 0.42127146968962514 0.035721998930177676 0.42127146968962514
0 0.03617997327543661 0.4378012587521772 0.1113206484558521 0.4378012587521772 0.1113206484558521 0.5724884288914694 0.03617997327543661 0.5724884288914694
0 0.03892781934698849 0.5877937891345683 0.1160800552440839 0.5877937891345683 0.1160800552440839 0.7200321016349631 0.03892781934698849 0.7200321016349631
0 0.042133639763799746 0.7414596059753125 0.11861535542200144 0.7414596059753125 0.11861535542200144 0.8779834193437775 0.042133639763799746 0.8779834193437775
0 0.35080834846816056 0.12238839486234551 0.43141183323369103 0.12238839486234551 0.43141183323369103 0.26013663705025797 0.35080834846816056 0.26013663705025797
0 0.345108330475551 0.4325848089187749 0.43024576125914266 0.4325848089187749 0.43024576125914266 0.573026794509473 0.345108330475551 0.573026794509473
0 0.3476271893744731 0.5894953621310505 0.4312533048187108 0.5894953621310505 0.4312533048187108 0.7238764250654809 0.3476271893744731 0.7238764250654809
0 0.3471234175946884 0.738324685134969 0.43074953303892605 0.738324685134969 0.43074953303892605 0.8740526197707922 0.3471234175946884 0.8740526197707922
0 0.6656657108335124 0.12575557411582738 0.7518106851766737 0.12575557411582738 0.7518106851766737 0.2661975597065253 0.6656657108335124 0.2661975597065253
0 0.666169482613297 0.2786255122239248 0.7543295440755966 0.2786255122239248 0.7543295440755966 0.41906749781462255 0.666169482613297 0.41906749781462255
0 0.672214743970711 0.434862629585504 0.7548333158553805 0.434862629585504 0.7548333158553805 0.5692436925199327 0.672214743970711 0.5692436925199327
0 0.6717109721909266 0.5843653884401193 0.7513069133968885 0.5843653884401193 0.7513069133968885 0.7187464513745481 0.6717109721909266 0.7187464513745481
0 0.6701996568515716 0.7412759416523955 0.7497955980575334 0.7412759416523955 0.7497955980575334 0.8702695177812524 0.6701996568515716 0.8702695177812524
2 0.04176302806787346 0.12958242427861763 0.11719563495170013 0.12958242427861763 0.11719563495170013 0.19808677890827903 0.04176302806787346 0.19808677890827903
2 0.04226679984765809 0.2029869320045324 0.11769940673148484 0.2029869320045324 0.11769940673148484 0.26745067153001495 0.04226679984765809 0.26745067153001495
