1 0.040022115152818165 0.13087080917339539 0.3372716801633044 0.13087080917339539 0.3372716801633044 0.19572133472376418 0.040022115152818165 0.19572133472376418
1 0.04023121433359478 0.19821439424304196 0.3372716801633045 0.19821439424304196 0.3372716801633045 0.26441179149480376 0.04023121433359478 0.26441179149480376
0 0.041634031387154116 0.13238830733060816 0.1169881873688628 0.13238830733060816 0.1169881873688628 0.19402371747562977 0.041634031387154116 0.19402371747562977
0 0.040945865579101966 0.20000327219119107 0.11753648388358161 0.20000327219119107 0.11753648388358161 0.262371638298894 0.040945865579101966 0.262371638298894
1 0.036900491822622256 0.35637821612712456 0.3339409576523311 0.35637821612712456 0.3339409576523311 0.425257213685943 0.036900491822622256 0.425257213685943
1 0.03731683213649381 0.28448097015870444 0.3343572979662026 0.28448097015870444 0.3343572979662026 0.35335996771752254 0.03731683213649381 0.35335996771752254
0 0.03829642721810125 0.35836947900410854 0.11488704552258089 0.35836947900410854 0.11488704552258089 0.4239340022925215 0.03829642721810125 0.4239340022925215
0 0.03829642721810125 0.2861434525605775 0.11488704552258089 0.2861434525605775 0.11488704552258089 0.35170797584899044 0.03829642721810125 0.35170797584899044
1 0.03523804494933319 0.5060156621518784 0.3339409576523308 0.5060156621518784 0.3339409576523308 0.5748946597106968 0.03523804494933319 0.5748946597106968
1 0.03523804494933317 0.4341600568825654 0.3339409576523308 0.4341600568825654 0.3339409576523308 0.5030390544413837 0.03523804494933317 0.5030390544413837
0 0.036590230999790196 0.5077633126478335 0.11374958137704022 0.5077633126478335 0.11374958137704022 0.5733278359362464 0.036590230999790196 0.5733278359362464
0 0.036590230999790196 0.43515714922302073 0.11431831344981055 0.43515714922302073 0.11431831344981055 0.5007216725114337 0.036590230999790196 0.5007216725114337
1 0.03864446569919125 0.6593222457439364 0.33734737840218887 0.6593222457439364 0.33734737840218887 0.7292131679469266 0.03864446569919125 0.7292131679469266
1 0.03864446569919125 0.5849457843972948 0.3373473784021889 0.5849457843972948 0.3373473784021889 0.6558486312444569 0.03864446569919125 0.6558486312444569
0 0.03961816055521952 0.6615758585619776 0.11639901973804093 0.6615758585619776 0.11639901973804093 0.7271403818503905 0.03961816055521952 0.7271403818503905
0 0.039996651749648296 0.5871993972153366 0.11602052854361222 0.5871993972153366 0.11602052854361222 0.6542818074700075 0.039996651749648296 0.6542818074700075
1 0.03902295689361992 0.8095930554034783 0.33772586959661755 0.8095930554034783 0.33772586959661755 0.8794839776064686 0.03902295689361992 0.8794839776064686
1 0.038644465699191256 0.7362285187010084 0.33734737840218887 0.7362285187010084 0.33734737840218887 0.8061194409039987 0.038644465699191256 0.8061194409039987
0 0.04113212533293422 0.8113407058994335 0.1182914757101843 0.8113407058994335 0.1182914757101843 0.8769052291878463 0.04113212533293422 0.8769052291878463
0 0.03999665174964817 0.7379761691969636 0.11715600212689824 0.7379761691969636 0.11715600212689824 0.8045526171295484 0.03999665174964817 0.8045526171295484
1 0.3478266726011875 0.1946256034924863 0.6560524822501056 0.1946256034924863 0.6560524822501056 0.26402978994162923 0.3478266726011875 0.26402978994162923
1 0.34744818140675926 0.12126106679001643 0.6556739910556774 0.12126106679001643 0.6556739910556774 0.1906652532391595 0.34744818140675926 0.1906652532391595
0 0.3488553339049091 0.12328098553306031 0.43227135232794844 0.12328098553306031 0.43227135232794844 0.18800276584280645 0.3488553339049091 0.18800276584280645
0 0.3492716742187804 0.19563359759135812 0.43143867170020506 0.19563359759135812 0.43143867170020506 0.26202505356398803 0.3492716742187804 0.26202505356398803
1 0.3453286307179575 0.35213167435785697 0.660632225702692 0.35213167435785697 0.660632225702692 0.42376209502417816 0.3453286307179575 0.42376209502417816
1 0.345744971031829 0.2758831524194968 0.6610485660165635 0.2758831524194968 0.6610485660165635 0.347513573085818 0.345744971031829 0.347513573085818
0 0.3471899726494223 0.2774477050726644 0.4306059910724617 0.2774477050726644 0.4306059910724617 0.345508836708178 0.3471899726494223 0.345508836708178
0 0.3471899726494218 0.3542527855653192 0.43060599107246117 0.3542527855653192 0.43060599107246117 0.42287047575512726 0.3471899726494218 0.42287047575512726
1 0.3469939919734436 0.5035156011259879 0.6622975869581781 0.5035156011259879 0.6622975869581781 0.5751460217923091 0.3469939919734436 0.5751460217923091
1 0.34616131134570055 0.4289367548505116 0.6614649063304351 0.4289367548505116 0.6614649063304351 0.5005671755168327 0.34616131134570055 0.5005671755168327
0 0.348022653277165 0.5056367123334501 0.42977331044471817 0.5056367123334501 0.42977331044471817 0.5732424778790861 0.348022653277165 0.5732424778790861
0 0.34802265327716486 0.4299447489493844 0.429773310444718 0.4299447489493844 0.429773310444718 0.49856243913919246 0.34802265327716486 0.49856243913919246
1 0.3467096259370584 0.6589916264702205 0.6620132209217929 0.6589916264702205 0.6620132209217929 0.7306220471365418 0.3467096259370584 0.7306220471365418
1 0.34699399197344355 0.5833443671951537 0.662297586958178 0.5833443671951537 0.662297586958178 0.6549747878614749 0.34699399197344355 0.6549747878614749
0 0.348022653277165 0.6614928746589643 0.42977331044471817 0.6614928746589643 0.42977331044471817 0.7290986402046005 0.348022653277165 0.7290986402046005
0 0.3483070193135502 0.5850853414213341 0.4300576764811034 0.5850853414213341 0.4300576764811034 0.6526911069669702 0.3483070193135502 0.6526911069669702
1 0.34903625714384623 0.8100096817612363 0.6594280751364714 0.8100096817612363 0.6594280751364714 0.8799122070580945 0.34903625714384623 0.8799122070580945
1 0.3490362571438462 0.7360557599482428 0.6594280751364714 0.7360557599482428 0.6594280751364714 0.8059582852451008 0.3490362571438462 0.8059582852451008
0 0.3498322553268883 0.8111286136544131 0.42922209754173263 0.8111286136544131 0.42922209754173263 0.8776976419783715 0.3498322553268883 0.8776976419783715
0 0.3506868489749276 0.7377287607698091 0.4292220975417326 0.7377287607698091 0.4292220975417326 0.8042977890937676 0.3506868489749276 0.8042977890937676
1 0.668264773364945 0.19832520026804232 0.9638233686657955 0.19832520026804232 0.9638233686657955 0.27014844023443274 0.668264773364945 0.27014844023443274
1 0.6680062587864132 0.12264338308558634 0.9635648540872638 0.12264338308558634 0.9635648540872638 0.19446662305197676 0.6680062587864132 0.19446662305197676
0 0.6699304404416297 0.12362656460695273 0.7533464588646691 0.12362656460695273 0.7533464588646691 0.19214971472951634 0.6699304404416297 0.19214971472951634
0 0.6691548967060331 0.1997230766780797 0.7525709151290725 0.1997230766780797 0.7525709151290725 0.2674859528380798 0.6691548967060331 0.2674859528380798
1 0.6713927997651821 0.34961971881817583 0.9669513950660327 0.34961971881817583 0.9669513950660327 0.4214429587845663 0.6713927997651821 0.4214429587845663
1 0.6705397016560258 0.2785341033184899 0.9660982969568763 0.2785341033184899 0.9660982969568763 0.3461758364907811 0.6705397016560258 0.3461758364907811
0 0.6728516551790403 0.3506374582469314 0.7537083792746132 0.3506374582469314 0.7537083792746132 0.4184003344069315 0.6728516551790403 0.4184003344069315
0 0.6725672891426548 0.27917170576596384 0.7534240132382276 0.27917170576596384 0.7534240132382276 0.3442736230569918 0.6725672891426548 0.3442736230569918
1 0.6685491394013305 0.5047156071811266 0.968373225247959 0.5047156071811266 0.968373225247959 0.576538847147517 0.6685491394013305 0.576538847147517
1 0.6676960412921747 0.42868821092477816 0.9686575912843437 0.42868821092477816 0.9686575912843437 0.5005114508911686 0.6676960412921747 0.5005114508911686
0 0.6700079948151878 0.5061134835911641 0.7548458434201536 0.5061134835911641 0.7548458434201536 0.5738763597511642 0.6700079948151878 0.5738763597511642
0 0.6694392627424173 0.43046622431609743 0.7545614773837681 0.43046622431609743 0.7545614773837681 0.49822910047609753 0.6694392627424173 0.49822910047609753
1 0.6716771658015673 0.6563902627125419 0.9715012516481958 0.6563902627125419 0.9715012516481958 0.7282135026789323 0.6716771658015673 0.7282135026789323
1 0.671108433728797 0.5807430034374752 0.9709325195754254 0.5807430034374752 0.9709325195754254 0.6525662434038656 0.671108433728797 0.6525662434038656
0 0.6731360212154249 0.657408002141296 0.7528552811654575 0.657408002141296 0.7528552811654575 0.7251708783012961 0.6731360212154249 0.7251708783012961
0 0.6728516551790398 0.5821408798475111 0.7525709151290724 0.5821408798475111 0.7525709151290724 0.6499037560075112 0.6728516551790398 0.6499037560075112
1 0.6678922538572807 0.8066610723720838 0.967716339703909 0.8066610723720838 0.967716339703909 0.8784843123384742 0.6678922538572807 0.8784843123384742
1 0.6671352714684232 0.734308460313786 0.9669593573150518 0.734308460313786 0.9669593573150518 0.8036018886697466 0.6671352714684232 0.8036018886697466
0 0.6697296004655668 0.808184774122924 0.7494488604155994 0.808184774122924 0.7494488604155994 0.8759476502829241 0.6697296004655668 0.8759476502829241
0 0.668972618076709 0.736338124386712 0.7486918780267414 0.736338124386712 0.7486918780267414 0.8010652266141963 0.668972618076709 0.8010652266141963
