0 0.7002314814814815 0.11836557539682539 0.01025132275132275 0.00855654761904762
0 0.613343253968254 0.30053323412698413 0.010416666666666666 0.008804563492063492
0 0.6452546296296297 0.3716517857142857 0.010747354497354497 0.00744047619047619
0 0.7404927248677249 0.49541170634920634 0.010747354497354497 0.007192460317460317
0 0.615244708994709 0.5505952380952381 0.009259259259259259 0.00818452380952381
0 0.8807043650793651 0.33643353174603174 0.010416666666666666 0.008680555555555556
0 0.6148313492063492 0.3736979166666667 0.009755291005291005 0.008060515873015874
0 0.5340608465608465 0.3287450396825397 0.011574074074074073 0.008680555555555556
0 0.8330853174603174 0.5559895833333334 0.009755291005291005 0.00855654761904762
0 0.7258597883597884 0.2970610119047619 0.01025132275132275 0.008804563492063492
0 0.4470072751322751 0.8023933531746031 0.011078042328042327 0.009052579365079366
0 0.2663690476190476 0.6786334325396826 0.010582010582010581 0.00855654761904762
0 0.6202876984126984 0.6452132936507936 0.010085978835978835 0.00744047619047619
0 0.3109292328042328 0.3845486111111111 0.01207010582010582 0.007936507936507936
0 0.5534887566137566 0.8204365079365079 0.009755291005291005 0.00818452380952381
0 0.7234623015873016 0.6344866071428571 0.010416666666666666 0.0078125
0 0.44072420634920634 0.818328373015873 0.010416666666666666 0.00744047619047619
0 0.8000165343915344 0.1839657738095238 0.011078042328042327 0.0078125
0 0.8488756613756614 0.29389880952380953 0.01025132275132275 0.008432539682539682
0 0.6637731481481481 0.5279637896825397 0.010747354497354497 0.007316468253968254
0 0.5413359788359788 0.47470238095238093 0.010582010582010581 0.00818452380952381
0 0.71875 0.109375 0.00992063492063492 0.008680555555555556
0 0.24586640211640212 0.6086309523809523 0.010912698412698412 0.009176587301587302
0 0.6125992063492064 0.5611979166666666 0.00958994708994709 0.007564484126984127
0 0.8382936507936508 0.11408730158730158 0.010582010582010581 0.00744047619047619
0 0.6071428571428571 0.6743551587301587 0.00958994708994709 0.007688492063492063
0 0.8051421957671958 0.6635044642857143 0.011078042328042327 0.007564484126984127
0 0.5970568783068783 0.5593377976190477 0.01025132275132275 0.007068452380952381
0 0.7972883597883598 0.2971850198412698 0.010912698412698412 0.007316468253968254
0 0.4852017195767196 0.5852554563492064 0.010747354497354497 0.007316468253968254
0 0.6049107142857143 0.2418154761904762 0.010416666666666666 0.008680555555555556
0 0.17452050264550265 0.36507936507936506 0.011078042328042327 0.007936507936507936
0 0.6154927248677249 0.7653149801587301 0.008763227513227513 0.008308531746031746
0 0.8771494708994709 0.6056547619047619 0.010582010582010581 0.00744047619047619
0 0.5930886243386243 0.6876240079365079 0.00992063492063492 0.007688492063492063
0 0.9385747354497355 0.34362599206349204 0.009755291005291005 0.006944444444444444
0 0.589864417989418 0.34468005952380953 0.010085978835978835 0.008060515873015874
0 0.808614417989418 0.2983010912698413 0.009755291005291005 0.0078125
0 0.7741402116402116 0.7261904761904762 0.01025132275132275 0.007192460317460317
0 0.7678571428571429 0.7066592261904762 0.01025132275132275 0.007564484126984127
0 0.6686507936507936 0.5532614087301587 0.00992063492063492 0.008308531746031746
0 0.8217592592592593 0.8374875992063492 0.01025132275132275 0.008060515873015874
0 0.5172784391534392 0.5885416666666666 0.010416666666666666 0.007936507936507936
0 0.8439980158730159 0.8030753968253969 0.009424603174603174 0.00744047619047619
0 0.6036706349206349 0.5499751984126984 0.008597883597883597 0.00744047619047619
0 0.8268849206349206 0.5265376984126984 0.009259259259259259 0.007936507936507936
0 0.8514384920634921 0.41511656746031744 0.010747354497354497 0.007564484126984127
0 0.871114417989418 0.7338169642857143 0.010085978835978835 0.0078125
0 0.8515211640211641 0.1346106150793651 0.010582010582010581 0.006820436507936508
0 0.11805555555555555 0.8662574404761905 0.01025132275132275 0.007316468253968254
0 0.8869874338624338 0.4036458333333333 0.010747354497354497 0.008680555555555556
0 0.613343253968254 0.5055803571428571 0.008432539682539682 0.00744047619047619
0 0.1988260582010582 0.80078125 0.010416666666666666 0.007564484126984127
0 0.7614914021164021 0.3959573412698413 0.010085978835978835 0.007688492063492063
0 0.8714451058201058 0.34170386904761907 0.010085978835978835 0.008060515873015874
0 0.781167328042328 0.546812996031746 0.009424603174603174 0.0078125
0 0.640625 0.7575024801587301 0.011078042328042327 0.007316468253968254
0 0.6220238095238095 0.6360367063492064 0.010582010582010581 0.007192460317460317
0 0.8678075396825397 0.6031125992063492 0.011078042328042327 0.008308531746031746
0 0.7348710317460317 0.8306671626984127 0.009755291005291005 0.0078125
0 0.8699570105820106 0.5237475198412699 0.010416666666666666 0.007068452380952381
0 0.7979497354497355 0.373077876984127 0.008597883597883597 0.006076388888888889
0 0.8404431216931217 0.3365575396825397 0.00958994708994709 0.00818452380952381
0 0.7586805555555556 0.6567460317460317 0.010416666666666666 0.00744047619047619
0 0.9298941798941799 0.8393477182539683 0.00992063492063492 0.007316468253968254
0 0.8771494708994709 0.4234250992063492 0.00992063492063492 0.008804563492063492
0 0.794808201058201 0.4293774801587302 0.008597883597883597 0.008308531746031746
0 0.747933201058201 0.9358258928571429 0.009093915343915343 0.0078125
0 0.8049768518518519 0.44543650793650796 0.010085978835978835 0.007192460317460317
0 0.7204034391534392 0.6198536706349206 0.01025132275132275 0.008308531746031746
0 0.798859126984127 0.44320436507936506 0.009755291005291005 0.00818452380952381
0 0.40906084656084657 0.5817212301587301 0.011574074074074073 0.007688492063492063
0 0.503968253968254 0.50390625 0.008597883597883597 0.007068452380952381
0 0.9270006613756614 0.7142857142857143 0.010085978835978835 0.007688492063492063
0 0.7804232804232805 0.4286954365079365 0.010912698412698412 0.00744047619047619
0 0.8196097883597884 0.43247767857142855 0.008928571428571428 0.007564484126984127
0 0.7017195767195767 0.8270089285714286 0.010912698412698412 0.00818452380952381
0 0.828290343915344 0.5003100198412699 0.009093915343915343 0.00855654761904762
0 0.7835648148148148 0.3843625992063492 0.011243386243386243 0.007564484126984127
0 0.7698412698412699 0.8059895833333334 0.010582010582010581 0.009548611111111112
0 0.8237433862433863 0.6314484126984127 0.01025132275132275 0.008680555555555556
0 0.749834656084656 0.7416914682539683 0.010582010582010581 0.00992063492063492
0 0.5528273809523809 0.9461805555555556 0.010747354497354497 0.00818452380952381
0 0.9013723544973545 0.4560391865079365 0.010085978835978835 0.008308531746031746
0 0.7760416666666666 0.7798239087301587 0.010747354497354497 0.010044642857142858
0 0.7762896825396826 0.8131820436507936 0.012566137566137565 0.010044642857142858
0 0.7737268518518519 0.6716889880952381 0.011739417989417989 0.008804563492063492
0 0.8439980158730159 0.757874503968254 0.010747354497354497 0.0078125
0 0.7223048941798942 0.7593625992063492 0.010416666666666666 0.009796626984126984
0 0.763640873015873 0.7980530753968254 0.011408730158730158 0.008804563492063492
0 0.9307208994708994 0.7625868055555556 0.011904761904761904 0.009548611111111112
0 0.7978670634920635 0.7248263888888888 0.010416666666666666 0.008928571428571428
0 0.7839781746031746 0.6870659722222222 0.01273148148148148 0.010044642857142858
0 0.7689318783068783 0.48778521825396826 0.013062169312169311 0.010540674603174604
