0 0.5262896825396826 0.25967261904761907 0.011904761904761904 0.00818452380952381
0 0.3132440476190476 0.6158854166666666 0.011739417989417989 0.00855654761904762
0 0.6555886243386243 0.21223958333333334 0.010912698412698412 0.009300595238095238
0 0.3272982804232804 0.3275049603174603 0.010747354497354497 0.008928571428571428
0 0.5993716931216931 0.7013268849206349 0.010582010582010581 0.00855654761904762
0 0.22156084656084657 0.7224082341269841 0.011904761904761904 0.00855654761904762
0 0.6502149470899471 0.2923487103174603 0.011078042328042327 0.00855654761904762
0 0.5016534391534392 0.20870535714285715 0.00992063492063492 0.008680555555555556
0 0.6254960317460317 0.6607142857142857 0.011243386243386243 0.007936507936507936
0 0.46106150793650796 0.26351686507936506 0.011739417989417989 0.007936507936507936
0 0.39971891534391535 0.6155133928571429 0.01240079365079365 0.00855654761904762
0 0.25405092592592593 0.34728422619047616 0.011078042328042327 0.008308531746031746
0 0.7643849206349206 0.3334573412698413 0.013227513227513227 0.009176587301587302
0 0.5069444444444444 0.7409474206349206 0.011904761904761904 0.00818452380952381
0 0.5347222222222222 0.3102058531746032 0.01025132275132275 0.008308531746031746
0 0.818369708994709 0.7427455357142857 0.010416666666666666 0.007068452380952381
0 0.5213293650793651 0.5613219246031746 0.010912698412698412 0.007564484126984127
0 0.4470072751322751 0.1185515873015873 0.010747354497354497 0.009176587301587302
0 0.7956349206349206 0.3580109126984127 0.010582010582010581 0.009176587301587302
0 0.5808531746031746 0.6155753968253969 0.01025132275132275 0.008432539682539682
0 0.4656084656084656 0.8136780753968254 0.010582010582010581 0.009052579365079366
0 0.37475198412698413 0.30791170634920634 0.01207010582010582 0.008680555555555556
0 0.5845734126984127 0.6294022817460317 0.010416666666666666 0.007068452380952381
0 0.767691798941799 0.4176587301587302 0.011243386243386243 0.008680555555555556
0 0.4197255291005291 0.47358630952380953 0.010747354497354497 0.00818452380952381
0 0.3662367724867725 0.5653521825396826 0.010912698412698412 0.00818452380952381
0 0.34399801587301587 0.33903769841269843 0.011408730158730158 0.008432539682539682
0 0.6626157407407407 0.07384672619047619 0.010747354497354497 0.007564484126984127
0 0.6173941798941799 0.3249627976190476 0.010912698412698412 0.008804563492063492
0 0.4574239417989418 0.7805679563492064 0.011739417989417989 0.008060515873015874
0 0.23487103174603174 0.45665922619047616 0.011408730158730158 0.009052579365079366
0 0.6639384920634921 0.33661954365079366 0.011078042328042327 0.009052579365079366
0 0.439484126984127 0.750062003968254 0.01025132275132275 0.008804563492063492
0 0.4142691798941799 0.43005952380952384 0.01207010582010582 0.00818452380952381
0 0.34424603174603174 0.5638640873015873 0.011574074074074073 0.007688492063492063
0 0.5060350529100529 0.5674603174603174 0.011408730158730158 0.00818452380952381
0 0.7835648148148148 0.35670882936507936 0.01025132275132275 0.009052579365079366
0 0.7640542328042328 0.49888392857142855 0.011904761904761904 0.007936507936507936
0 0.40046296296296297 0.4208829365079365 0.011243386243386243 0.008680555555555556
0 0.810515873015873 0.43644593253968256 0.011904761904761904 0.008308531746031746
0 0.14252645502645503 0.16846478174603174 0.01025132275132275 0.008060515873015874
0 0.5435681216931217 0.11098710317460317 0.010416666666666666 0.008680555555555556
0 0.6216931216931217 0.07527281746031746 0.01025132275132275 0.009176587301587302
0 0.3474702380952381 0.47575644841269843 0.011739417989417989 0.009052579365079366
0 0.8786375661375662 0.49609375 0.009259259259259259 0.008308531746031746
0 0.46337632275132273 0.3803323412698413 0.011078042328042327 0.009176587301587302
0 0.1261574074074074 0.33271329365079366 0.010582010582010581 0.008928571428571428
0 0.6319444444444444 0.07583085317460317 0.010912698412698412 0.00855654761904762
0 0.8312665343915344 0.5799231150793651 0.011408730158730158 0.008060515873015874
0 0.35474537037037035 0.3587549603174603 0.011408730158730158 0.008680555555555556
0 0.8303571428571429 0.39155505952380953 0.011904761904761904 0.00855654761904762
0 0.5386078042328042 0.4931795634920635 0.009755291005291005 0.008432539682539682
0 0.39715608465608465 0.5433407738095238 0.010582010582010581 0.009052579365079366
0 0.49611441798941797 0.6708829365079365 0.010416666666666666 0.008680555555555556
0 0.3130787037037037 0.15004960317460317 0.011408730158730158 0.007688492063492063
0 0.8538359788359788 0.16393849206349206 0.010912698412698412 0.007688492063492063
0 0.4537037037037037 0.3538566468253968 0.011574074074074073 0.007564484126984127
0 0.8185350529100529 0.4927455357142857 0.011408730158730158 0.0078125
0 0.38583002645502645 0.6383928571428571 0.011078042328042327 0.009176587301587302
0 0.46916335978835977 0.5706225198412699 0.011739417989417989 0.0078125
0 0.4730489417989418 0.2693452380952381 0.012566137566137565 0.008680555555555556
0 0.32746362433862436 0.7925347222222222 0.011078042328042327 0.008432539682539682
0 0.5128141534391535 0.6427951388888888 0.010416666666666666 0.0078125
0 0.7785218253968254 0.26915922619047616 0.01240079365079365 0.008804563492063492
0 0.7875330687830688 0.4739583333333333 0.011243386243386243 0.007688492063492063
0 0.39732142857142855 0.7960689484126984 0.011574074074074073 0.008060515873015874
0 0.7919146825396826 0.6204737103174603 0.010747354497354497 0.00855654761904762
0 0.6622023809523809 0.5720486111111112 0.011243386243386243 0.00744047619047619
0 0.5548115079365079 0.5018601190476191 0.010416666666666666 0.006944444444444444
0 0.7319775132275133 0.30028521825396826 0.011574074074074073 0.0078125
0 0.7290013227513228 0.4621155753968254 0.010912698412698412 0.007316468253968254
0 0.6889054232804233 0.7289806547619048 0.011408730158730158 0.008060515873015874
0 0.6708829365079365 0.5228174603174603 0.010747354497354497 0.00818452380952381
0 0.5114087301587301 0.3693576388888889 0.01025132275132275 0.0078125
0 0.054811507936507936 0.1541418650793651 0.009755291005291005 0.008432539682539682
0 0.7611607142857143 0.2456597222222222 0.010085978835978835 0.008432539682539682
0 0.8576388888888888 0.28912450396825395 0.009259259259259259 0.008060515873015874
0 0.591765873015873 0.17237103174603174 0.011574074074074073 0.00818452380952381
0 0.7863756613756614 0.5845734126984127 0.010912698412698412 0.008432539682539682
0 0.35615079365079366 0.2279265873015873 0.00958994708994709 0.00818452380952381
0 0.44031084656084657 0.4810267857142857 0.011904761904761904 0.007936507936507936
0 0.7083333333333334 0.6001984126984127 0.010912698412698412 0.008680555555555556
0 0.11243386243386243 0.39490327380952384 0.00992063492063492 0.008060515873015874
0 0.8233300264550265 0.5208953373015873 0.010416666666666666 0.007068452380952381
0 0.7621527777777778 0.38113839285714285 0.010085978835978835 0.008308531746031746
0 0.6512896825396826 0.06367807539682539 0.010582010582010581 0.0078125
0 0.6969246031746031 0.46862599206349204 0.010582010582010581 0.00744047619047619
0 0.5282738095238095 0.08661954365079365 0.00992063492063492 0.00855654761904762
0 0.7562830687830688 0.40234375 0.010582010582010581 0.008804563492063492
0 0.689401455026455 0.07862103174603174 0.009424603174603174 0.007688492063492063
0 0.8325066137566137 0.3719618055555556 0.011574074074074073 0.008060515873015874
0 0.5667162698412699 0.25378224206349204 0.010747354497354497 0.008060515873015874
0 0.6489748677248677 0.5366443452380952 0.00958994708994709 0.008308531746031746
0 0.7156911375661376 0.5034102182539683 0.011078042328042327 0.007316468253968254
0 0.7078373015873016 0.18874007936507936 0.00958994708994709 0.00818452380952381
0 0.1462466931216931 0.2775297619047619 0.011078042328042327 0.00818452380952381
0 0.42253637566137564 0.6677827380952381 0.011408730158730158 0.008432539682539682
0 0.5515046296296297 0.5873635912698413 0.009755291005291005 0.008060515873015874
0 0.8833498677248677 0.12692212301587302 0.010747354497354497 0.007068452380952381
0 0.880869708994709 0.8033234126984127 0.010416666666666666 0.007688492063492063
0 0.5641534391534392 0.49813988095238093 0.010582010582010581 0.007192460317460317
0 0.5057043650793651 0.474578373015873 0.010747354497354497 0.007192460317460317
0 0.48478835978835977 0.7398313492063492 0.00958994708994709 0.008680555555555556
0 0.8916997354497355 0.1173735119047619 0.00958994708994709 0.007316468253968254
0 0.3792989417989418 0.757874503968254 0.011574074074074073 0.008060515873015874
0 0.38698743386243384 0.7832961309523809 0.011078042328042327 0.00855654761904762
0 0.8388723544973545 0.8178323412698413 0.010416666666666666 0.008928571428571428
0 0.7561177248677249 0.7833581349206349 0.00992063492063492 0.007936507936507936
0 0.89442791005291 0.1857018849206349 0.010747354497354497 0.0078125
0 0.6831183862433863 0.5672743055555556 0.010747354497354497 0.007564484126984127
0 0.8564814814814815 0.6964905753968254 0.00992063492063492 0.008308531746031746
0 0.623181216931217 0.5856274801587301 0.00958994708994709 0.0078125
0 0.5164517195767195 0.6703249007936508 0.010085978835978835 0.00855654761904762
0 0.7783564814814815 0.46850198412698413 0.009755291005291005 0.007936507936507936
0 0.751818783068783 0.4878472222222222 0.00958994708994709 0.00818452380952381
0 0.7752149470899471 0.5810391865079365 0.010747354497354497 0.008060515873015874
0 0.39012896825396826 0.2095734126984127 0.011739417989417989 0.007936507936507936
0 0.7511574074074074 0.6109250992063492 0.00992063492063492 0.00855654761904762
0 0.7397486772486772 0.7450396825396826 0.009259259259259259 0.00744047619047619
0 0.5967261904761905 0.7725694444444444 0.00958994708994709 0.008432539682539682
0 0.8681382275132276 0.828187003968254 0.009755291005291005 0.008308531746031746
0 0.6745205026455027 0.5961061507936508 0.010085978835978835 0.00818452380952381
0 0.7896825396825397 0.3001612103174603 0.012235449735449735 0.008060515873015874
0 0.5973048941798942 0.8208085317460317 0.010747354497354497 0.007936507936507936
0 0.5014054232804233 0.3717137896825397 0.010747354497354497 0.008308531746031746
0 0.7280919312169312 0.17206101190476192 0.010416666666666666 0.0078125
0 0.7604166666666666 0.47860863095238093 0.011243386243386243 0.007564484126984127
0 0.703207671957672 0.7206101190476191 0.01025132275132275 0.008432539682539682
0 0.6728670634920635 0.4456225198412698 0.008101851851851851 0.006820436507936508
0 0.7108961640211641 0.27684771825396826 0.009755291005291005 0.008060515873015874
0 0.8384589947089947 0.3330233134920635 0.00992063492063492 0.008804563492063492
0 0.5188492063492064 0.77734375 0.00992063492063492 0.008308531746031746
0 0.7611607142857143 0.4634176587301587 0.011078042328042327 0.00744047619047619
0 0.6643518518518519 0.7525421626984127 0.010912698412698412 0.008308531746031746
0 0.7119708994708994 0.5283358134920635 0.010582010582010581 0.007564484126984127
0 0.7334656084656085 0.6244419642857143 0.010912698412698412 0.006820436507936508
0 0.7809193121693122 0.5744047619047619 0.010582010582010581 0.008928571428571428
0 0.8511904761904762 0.4293774801587302 0.010582010582010581 0.008804563492063492
0 0.7074239417989417 0.5505952380952381 0.011078042328042327 0.007192460317460317
0 0.7270171957671958 0.404327876984127 0.01025132275132275 0.006820436507936508
0 0.6393849206349206 0.3236607142857143 0.010912698412698412 0.00744047619047619
0 0.7171792328042328 0.6182415674603174 0.009424603174603174 0.008060515873015874
0 0.785135582010582 0.3138640873015873 0.010416666666666666 0.00744047619047619
0 0.8116732804232805 0.1041046626984127 0.012235449735449735 0.008060515873015874
0 0.8983134920634921 0.5184771825396826 0.010582010582010581 0.00744047619047619
0 0.769593253968254 0.4927455357142857 0.010747354497354497 0.0078125
0 0.47883597883597884 0.8016493055555556 0.01025132275132275 0.008060515873015874
0 0.373098544973545 0.7620287698412699 0.011408730158730158 0.007688492063492063
0 0.5381944444444444 0.6974826388888888 0.011243386243386243 0.00855654761904762
0 0.6144179894179894 0.7935887896825397 0.00958994708994709 0.008308531746031746
0 0.7996858465608465 0.5791790674603174 0.011078042328042327 0.007564484126984127
0 0.9412202380952381 0.30456349206349204 0.010085978835978835 0.007192460317460317
0 0.7583498677248677 0.1675347222222222 0.011408730158730158 0.00744047619047619
0 0.8440806878306878 0.6157614087301587 0.011574074074074073 0.008060515873015874
0 0.2181712962962963 0.10949900793650794 0.01207010582010582 0.008432539682539682
0 0.5753968253968254 0.5003100198412699 0.00958994708994709 0.008804563492063492
0 0.6666666666666666 0.19140625 0.012566137566137565 0.00855654761904762
0 0.4200562169312169 0.8143601190476191 0.011408730158730158 0.008432539682539682
0 0.8174603174603174 0.6102430555555556 0.014219576719576719 0.009176587301587302
0 0.5971395502645502 0.4089781746031746 0.010416666666666666 0.008432539682539682
0 0.6107804232804233 0.7014508928571429 0.010912698412698412 0.0078125
0 0.8837632275132276 0.37853422619047616 0.01025132275132275 0.00855654761904762
0 0.5939980158730159 0.7566344246031746 0.010747354497354497 0.008804563492063492
0 0.11780753968253968 0.13392857142857142 0.009755291005291005 0.006944444444444444
0 0.7936507936507936 0.5719866071428571 0.010582010582010581 0.008308531746031746
0 0.6597222222222222 0.3603670634920635 0.011904761904761904 0.007936507936507936
0 0.10201719576719577 0.3993055555555556 0.01025132275132275 0.006944444444444444
0 0.5553075396825397 0.6950024801587301 0.010416666666666666 0.007564484126984127
0 0.7028769841269841 0.5845114087301587 0.011243386243386243 0.007564484126984127
0 0.4557705026455027 0.7941468253968254 0.010085978835978835 0.007688492063492063
0 0.7138723544973545 0.40500992063492064 0.008763227513227513 0.007688492063492063
0 0.5829199735449735 0.5006200396825397 0.010085978835978835 0.00744047619047619
0 0.5896990740740741 0.4696180555555556 0.010747354497354497 0.007936507936507936
0 0.8559854497354498 0.07738095238095238 0.010582010582010581 0.007688492063492063
0 0.2977017195767196 0.3951512896825397 0.011408730158730158 0.008060515873015874
0 0.7470238095238095 0.6691468253968254 0.01025132275132275 0.008928571428571428
0 0.658068783068783 0.7291666666666666 0.011243386243386243 0.007936507936507936
0 0.8029927248677249 0.6351686507936508 0.010416666666666666 0.00818452380952381
0 0.5526620370370371 0.7778397817460317 0.011408730158730158 0.008804563492063492
0 0.8743386243386243 0.15593998015873015 0.010582010582010581 0.008804563492063492
0 0.9132771164021164 0.2711433531746032 0.009755291005291005 0.007316468253968254
0 0.7447089947089947 0.654265873015873 0.01025132275132275 0.008432539682539682
0 0.8951719576719577 0.4301215277777778 0.012235449735449735 0.008308531746031746
0 0.8226686507936508 0.36148313492063494 0.010085978835978835 0.00744047619047619
0 0.8094411375661376 0.6886780753968254 0.010747354497354497 0.008804563492063492
0 0.7000661375661376 0.710875496031746 0.00958994708994709 0.008308531746031746
0 0.71494708994709 0.7448536706349206 0.010912698412698412 0.008060515873015874
0 0.7137070105820106 0.4303075396825397 0.01207010582010582 0.008928571428571428
0 0.693369708994709 0.7690972222222222 0.01240079365079365 0.00992063492063492
0 0.7283399470899471 0.7956969246031746 0.00992063492063492 0.008804563492063492
0 0.906415343915344 0.5869915674603174 0.010582010582010581 0.008804563492063492
0 0.533068783068783 0.767609126984127 0.011574074074074073 0.00818452380952381
0 0.17394179894179895 0.1056547619047619 0.011904761904761904 0.007936507936507936
0 0.8744212962962963 0.1909722222222222 0.008763227513227513 0.007936507936507936
0 0.7061011904761905 0.6880580357142857 0.010085978835978835 0.009052579365079366
0 0.9166666666666666 0.5037822420634921 0.01025132275132275 0.008060515873015874
0 0.888558201058201 0.24634176587301587 0.01025132275132275 0.00855654761904762
0 0.904348544973545 0.5243055555555556 0.011408730158730158 0.007688492063492063
0 0.8709490740740741 0.23177083333333334 0.010747354497354497 0.00744047619047619
0 0.8860780423280423 0.47389632936507936 0.010582010582010581 0.007564484126984127
0 0.7103174603174603 0.5145709325396826 0.010912698412698412 0.008308531746031746
0 0.6427744708994709 0.7981150793650794 0.01207010582010582 0.007688492063492063
0 0.6950231481481481 0.6581101190476191 0.011078042328042327 0.007688492063492063
0 0.9242724867724867 0.30859375 0.010582010582010581 0.00855654761904762
0 0.7092427248677249 0.6365947420634921 0.008763227513227513 0.008060515873015874
0 0.8138227513227513 0.6517857142857143 0.011904761904761904 0.007688492063492063
0 0.24950396825396826 0.0833953373015873 0.01025132275132275 0.007316468253968254
0 0.699156746031746 0.7899925595238095 0.010747354497354497 0.008804563492063492
0 0.9021164021164021 0.46118551587301587 0.011243386243386243 0.008680555555555556
0 0.7972056878306878 0.6302703373015873 0.009755291005291005 0.00855654761904762
0 0.8736772486772487 0.6715029761904762 0.01025132275132275 0.007936507936507936
0 0.7371031746031746 0.6828497023809523 0.01025132275132275 0.008308531746031746
0 0.6491402116402116 0.7853422619047619 0.011904761904761904 0.012896825396825396
0 0.9207175925925926 0.5811011904761905 0.01240079365079365 0.007936507936507936
0 0.9215443121693122 0.8793402777777778 0.010747354497354497 0.008432539682539682
0 0.7776124338624338 0.7127356150793651 0.010912698412698412 0.007068452380952381
0 0.5625 0.8065476190476191 0.010912698412698412 0.008928571428571428
0 0.6938657407407407 0.781187996031746 0.01207010582010582 0.00855654761904762
0 0.9349371693121693 0.5300719246031746 0.011408730158730158 0.007564484126984127
0 0.7288359788359788 0.7171378968253969 0.00992063492063492 0.007192460317460317
0 0.816385582010582 0.6584821428571429 0.01240079365079365 0.010416666666666666
0 0.9221230158730159 0.5160590277777778 0.011904761904761904 0.008804563492063492
0 0.8334986772486772 0.7612227182539683 0.010912698412698412 0.008060515873015874
0 0.640542328042328 0.7944568452380952 0.017526455026455025 0.01277281746031746
0 0.716683201058201 0.7579985119047619 0.010416666666666666 0.010540674603174604
0 0.5854001322751323 0.06107390873015873 0.011408730158730158 0.008804563492063492
0 0.8354001322751323 0.46707589285714285 0.014715608465608465 0.012028769841269842
0 0.8491236772486772 0.7698412698412699 0.011408730158730158 0.010168650793650794
0 0.8440806878306878 0.6318204365079365 0.012235449735449735 0.009672619047619048
0 0.8802083333333334 0.753968253968254 0.01207010582010582 0.011408730158730158
0 0.17195767195767195 0.16784474206349206 0.008928571428571428 0.0078125
0 0.7440476190476191 0.7244543650793651 0.00992063492063492 0.00992063492063492
0 0.8702050264550265 0.7472718253968254 0.00992063492063492 0.01066468253968254
0 0.8916997354497355 0.6792534722222222 0.011574074074074073 0.009548611111111112
0 0.9222056878306878 0.5353422619047619 0.009755291005291005 0.009672619047619048
0 0.8849206349206349 0.19053819444444445 0.00992063492063492 0.0078125
0 0.849619708994709 0.31454613095238093 0.011739417989417989 0.009052579365079366
0 0.8621031746031746 0.45498511904761907 0.011243386243386243 0.007936507936507936
0 0.8625165343915344 0.7550223214285714 0.01207010582010582 0.01029265873015873
0 0.7248677248677249 0.7765997023809523 0.01025132275132275 0.01029265873015873
0 0.826140873015873 0.7820560515873016 0.010747354497354497 0.010788690476190476
0 0.8473875661375662 0.6746651785714286 0.012896825396825396 0.008308531746031746
0 0.8708664021164021 0.5134548611111112 0.010582010582010581 0.01029265873015873
0 0.7111441798941799 0.46056547619047616 0.011243386243386243 0.008432539682539682
0 0.9350198412698413 0.6313864087301587 0.012896825396825396 0.009052579365079366
0 0.8974867724867724 0.3628472222222222 0.012235449735449735 0.010168650793650794
0 0.9411375661375662 0.5523933531746031 0.012896825396825396 0.010044642857142858
0 0.9246031746031746 0.3872767857142857 0.01488095238095238 0.00992063492063492
0 0.8525958994708994 0.6401909722222222 0.010747354497354497 0.009300595238095238
0 0.8873181216931217 0.46496775793650796 0.011408730158730158 0.009052579365079366
0 0.6982473544973545 0.15252976190476192 0.013227513227513227 0.009672619047619048
