0 0.2690972222222222 0.7514260912698413 0.011078042328042327 0.008060515873015874
0 0.20758928571428573 0.07366071428571429 0.01207010582010582 0.008432539682539682
0 0.4211309523809524 0.5287698412698413 0.010582010582010581 0.007192460317460317
0 0.26727843915343913 0.3816344246031746 0.011739417989417989 0.008804563492063492
0 0.2690145502645503 0.10063244047619048 0.010582010582010581 0.00855654761904762
0 0.27290013227513227 0.41393849206349204 0.011408730158730158 0.00818452380952381
0 0.3258101851851852 0.48170882936507936 0.010416666666666666 0.008804563492063492
0 0.27414021164021163 0.16920882936507936 0.012235449735449735 0.008804563492063492
0 0.3254794973544973 0.39837549603174605 0.011739417989417989 0.009052579365079366
0 0.26686507936507936 0.23809523809523808 0.011243386243386243 0.007688492063492063
0 0.2138723544973545 0.40327380952380953 0.010085978835978835 0.008432539682539682
0 0.34077380952380953 0.5804811507936508 0.01025132275132275 0.00818452380952381
0 0.91005291005291 0.28881448412698413 0.010912698412698412 0.007936507936507936
0 0.1923776455026455 0.6388888888888888 0.011078042328042327 0.008432539682539682
0 0.35730820105820105 0.5604538690476191 0.01025132275132275 0.00855654761904762
0 0.39169973544973546 0.5146949404761905 0.009259259259259259 0.008060515873015874
0 0.13839285714285715 0.0689484126984127 0.011904761904761904 0.008432539682539682
0 0.15649801587301587 0.1814856150793651 0.01207010582010582 0.008308531746031746
0 0.26430224867724866 0.1754092261904762 0.010085978835978835 0.00855654761904762
0 0.12996031746031747 0.2340029761904762 0.01025132275132275 0.008432539682539682
0 0.26421957671957674 0.33835565476190477 0.00992063492063492 0.00855654761904762
0 0.267526455026455 0.30028521825396826 0.011904761904761904 0.008060515873015874
0 0.39889219576719576 0.5530753968253969 0.009755291005291005 0.00818452380952381
0 0.17633928571428573 0.05009920634920635 0.010747354497354497 0.007936507936507936
0 0.3572255291005291 0.7127976190476191 0.011408730158730158 0.007936507936507936
0 0.39955357142857145 0.3841145833333333 0.011739417989417989 0.0078125
0 0.21288029100529102 0.521515376984127 0.011078042328042327 0.007564484126984127
0 0.3462301587301587 0.4760044642857143 0.011574074074074073 0.0078125
0 0.4861937830687831 0.3400297619047619 0.011408730158730158 0.009424603174603174
0 0.7517361111111112 0.43539186507936506 0.010416666666666666 0.006944444444444444
0 0.26000330687830686 0.14347718253968253 0.011078042328042327 0.008432539682539682
0 0.6867559523809523 0.5004960317460317 0.011078042328042327 0.007936507936507936
0 0.13227513227513227 0.2841641865079365 0.011243386243386243 0.009052579365079366
0 0.16947751322751323 0.32800099206349204 0.01025132275132275 0.00818452380952381
0 0.08630952380952381 0.18501984126984128 0.010912698412698412 0.008432539682539682
0 0.4166666666666667 0.27839781746031744 0.00992063492063492 0.007936507936507936
0 0.35697751322751325 0.41772073412698413 0.01025132275132275 0.008804563492063492
0 0.10863095238095238 0.2529141865079365 0.011904761904761904 0.009052579365079366
0 0.18014219576719576 0.46013144841269843 0.011078042328042327 0.008308531746031746
0 0.2977017195767196 0.1675347222222222 0.011408730158730158 0.008432539682539682
0 0.21742724867724866 0.5483630952380952 0.011574074074074073 0.007688492063492063
0 0.0954861111111111 0.27238343253968256 0.011078042328042327 0.009052579365079366
0 0.34482473544973546 0.09542410714285714 0.011078042328042327 0.008060515873015874
0 0.10193452380952381 0.09536210317460317 0.009755291005291005 0.007192460317460317
0 0.18948412698412698 0.3350694444444444 0.009259259259259259 0.00818452380952381
0 0.5232308201058201 0.10112847222222222 0.011078042328042327 0.00855654761904762
0 0.09713955026455026 0.578187003968254 0.011739417989417989 0.009052579365079366
0 0.16724537037037038 0.2556423611111111 0.010085978835978835 0.007068452380952381
0 0.07002314814814815 0.4539930555555556 0.011078042328042327 0.007936507936507936
0 0.16956018518518517 0.2608506944444444 0.010747354497354497 0.006820436507936508
0 0.13930224867724866 0.38721478174603174 0.011408730158730158 0.0078125
0 0.38682208994708994 0.0961061507936508 0.010747354497354497 0.00744047619047619
0 0.14864417989417988 0.16995287698412698 0.01025132275132275 0.0078125
0 0.1589781746031746 0.3527405753968254 0.010085978835978835 0.008060515873015874
0 0.1195436507936508 0.3415798611111111 0.011904761904761904 0.008060515873015874
0 0.103505291005291 0.1870659722222222 0.013227513227513227 0.010044642857142858
0 0.1923776455026455 0.16350446428571427 0.010747354497354497 0.008804563492063492
0 0.14401455026455026 0.25322420634920634 0.010582010582010581 0.007192460317460317
0 0.2442956349206349 0.1068328373015873 0.010747354497354497 0.008308531746031746
0 0.09862764550264551 0.20300099206349206 0.010085978835978835 0.008432539682539682
0 0.164021164021164 0.1146453373015873 0.015542328042328041 0.01029265873015873
0 0.21635251322751323 0.1156374007936508 0.009755291005291005 0.0078125
0 0.1259920634920635 0.7764136904761905 0.011243386243386243 0.008680555555555556
0 0.1783234126984127 0.34740823412698413 0.011408730158730158 0.008804563492063492
0 0.279265873015873 0.2144097222222222 0.01025132275132275 0.008928571428571428
0 0.07696759259259259 0.49460565476190477 0.010085978835978835 0.00855654761904762
0 0.17807539682539683 0.2951388888888889 0.00958994708994709 0.00818452380952381
0 0.19700727513227514 0.11036706349206349 0.009755291005291005 0.008432539682539682
0 0.6978339947089947 0.11625744047619048 0.01240079365079365 0.009052579365079366
0 0.23156415343915343 0.12630208333333334 0.011078042328042327 0.007564484126984127
0 0.09036044973544974 0.14682539682539683 0.01207010582010582 0.009424603174603174
0 0.408151455026455 0.26438492063492064 0.011739417989417989 0.00818452380952381
0 0.1056547619047619 0.18309771825396826 0.010582010582010581 0.006820436507936508
0 0.40947420634920634 0.1457093253968254 0.011739417989417989 0.008680555555555556
0 0.21453373015873015 0.22457837301587302 0.009424603174603174 0.00992063492063492
0 0.14285714285714285 0.1228298611111111 0.010912698412698412 0.009300595238095238
0 0.179646164021164 0.12332589285714286 0.01273148148148148 0.009796626984126984
0 0.21453373015873015 0.2491939484126984 0.01240079365079365 0.008804563492063492
0 0.15658068783068782 0.21124751984126985 0.014219576719576719 0.010044642857142858
0 0.1728670634920635 0.1310143849206349 0.010085978835978835 0.008060515873015874
0 0.19229497354497355 0.11662946428571429 0.012235449735449735 0.008308531746031746
0 0.1169808201058201 0.14391121031746032 0.011739417989417989 0.008804563492063492
0 0.07333002645502645 0.5199652777777778 0.013723544973544973 0.009176587301587302
0 0.07175925925925926 0.5577876984126984 0.012566137566137565 0.010416666666666666
0 0.05497685185185185 0.5147569444444444 0.01273148148148148 0.008680555555555556
