0 0.36789021164021163 0.47997271825396826 0.010582010582010581 0.00855654761904762
0 0.2959656084656085 0.1583581349206349 0.00992063492063492 0.008432539682539682
0 0.3517691798941799 0.11160714285714286 0.011078042328042327 0.00744047619047619
0 0.46279761904761907 0.5848214285714286 0.010912698412698412 0.00744047619047619
0 0.470651455026455 0.29296875 0.010085978835978835 0.008308531746031746
0 0.7457837301587301 0.3841765873015873 0.010747354497354497 0.007688492063492063
0 0.7074239417989417 0.39818948412698413 0.010416666666666666 0.008432539682539682
0 0.2977843915343915 0.36824156746031744 0.00958994708994709 0.0078125
0 0.6252480158730159 0.3211805555555556 0.009755291005291005 0.007192460317460317
0 0.3497850529100529 0.5245535714285714 0.010747354497354497 0.007192460317460317
0 0.17542989417989419 0.24113343253968253 0.00958994708994709 0.0078125
0 0.5282738095238095 0.40674603174603174 0.00992063492063492 0.007936507936507936
0 0.6286375661375662 0.3450520833333333 0.01025132275132275 0.007564484126984127
0 0.5281084656084656 0.28912450396825395 0.00958994708994709 0.008308531746031746
0 0.3744212962962963 0.33761160714285715 0.010085978835978835 0.008308531746031746
0 0.6648478835978836 0.4327256944444444 0.011243386243386243 0.007564484126984127
0 0.7925760582010583 0.37890625 0.010747354497354497 0.007068452380952381
0 0.6946924603174603 0.5569816468253969 0.010747354497354497 0.007316468253968254
0 0.76182208994709 0.6866939484126984 0.010416666666666666 0.0078125
0 0.7685185185185185 0.36259920634920634 0.010582010582010581 0.007688492063492063
0 0.8114252645502645 0.5111607142857143 0.010416666666666666 0.006944444444444444
0 0.5208333333333334 0.33816964285714285 0.010582010582010581 0.007936507936507936
0 0.7266865079365079 0.6759672619047619 0.01025132275132275 0.007688492063492063
0 0.7899305555555556 0.19990079365079366 0.010085978835978835 0.00744047619047619
0 0.8432539682539683 0.4441344246031746 0.010912698412698412 0.0078125
0 0.4853670634920635 0.22705853174603174 0.010747354497354497 0.00818452380952381
0 0.8189484126984127 0.3666294642857143 0.01025132275132275 0.007316468253968254
0 0.09697420634920635 0.6823536706349206 0.010416666666666666 0.008308531746031746
0 0.5419146825396826 0.20554315476190477 0.010416666666666666 0.00855654761904762
0 0.6271494708994709 0.19246031746031747 0.00992063492063492 0.00818452380952381
0 0.707010582010582 0.4621155753968254 0.010582010582010581 0.007316468253968254
0 0.6284722222222222 0.5241815476190477 0.00958994708994709 0.007688492063492063
0 0.8571428571428571 0.20548115079365079 0.00992063492063492 0.008432539682539682
0 0.8196924603174603 0.6731770833333334 0.010416666666666666 0.008308531746031746
0 0.6815476190476191 0.6086309523809523 0.011574074074074073 0.007936507936507936
0 0.8427579365079365 0.5141369047619048 0.011243386243386243 0.007688492063492063
0 0.7380952380952381 0.31429811507936506 0.01025132275132275 0.008060515873015874
0 0.35697751322751325 0.2757316468253968 0.011243386243386243 0.008308531746031746
0 0.46221891534391535 0.4736483134920635 0.009755291005291005 0.008060515873015874
0 0.8072916666666666 0.42094494047619047 0.010085978835978835 0.0078125
0 0.45444775132275134 0.45554315476190477 0.010416666666666666 0.007564484126984127
0 0.5891203703703703 0.22662450396825398 0.008928571428571428 0.007316468253968254
0 0.7273478835978836 0.74609375 0.01025132275132275 0.007316468253968254
0 0.8304398148148148 0.6954985119047619 0.009755291005291005 0.00855654761904762
0 0.6266534391534392 0.6603422619047619 0.00958994708994709 0.00818452380952381
0 0.2980324074074074 0.5559275793650794 0.011408730158730158 0.008432539682539682
0 0.5216600529100529 0.6763392857142857 0.009259259259259259 0.008432539682539682
0 0.47172619047619047 0.7825520833333334 0.01025132275132275 0.008308531746031746
0 0.8042328042328042 0.3647073412698413 0.009259259259259259 0.007936507936507936
0 0.6370701058201058 0.6876860119047619 0.009259259259259259 0.0078125
0 0.5541501322751323 0.7449156746031746 0.010416666666666666 0.007192460317460317
0 0.8996362433862434 0.2885044642857143 0.00958994708994709 0.007564484126984127
0 0.5217427248677249 0.73828125 0.009424603174603174 0.008060515873015874
0 0.6187996031746031 0.3499503968253968 0.009093915343915343 0.007688492063492063
0 0.8686342592592593 0.16276041666666666 0.009755291005291005 0.007564484126984127
0 0.6160714285714286 0.570374503968254 0.008928571428571428 0.008060515873015874
0 0.8359788359788359 0.7916046626984127 0.01025132275132275 0.007068452380952381
0 0.4956183862433862 0.4690600198412698 0.009755291005291005 0.007564484126984127
0 0.5476190476190477 0.3510044642857143 0.00958994708994709 0.008060515873015874
0 0.6072255291005291 0.4916294642857143 0.009424603174603174 0.0078125
0 0.4562665343915344 0.12146577380952381 0.010747354497354497 0.007316468253968254
0 0.7884424603174603 0.626984126984127 0.010085978835978835 0.00744047619047619
0 0.8484623015873016 0.3980034722222222 0.010416666666666666 0.008308531746031746
0 0.7025462962962963 0.45579117063492064 0.010582010582010581 0.006820436507936508
0 0.873015873015873 0.7361731150793651 0.011243386243386243 0.009300595238095238
0 0.8664847883597884 0.7309027777777778 0.009424603174603174 0.007936507936507936
0 0.8405257936507936 0.2952628968253968 0.011078042328042327 0.00818452380952381
0 0.1314484126984127 0.49441964285714285 0.010582010582010581 0.00744047619047619
0 0.39269179894179895 0.14366319444444445 0.00992063492063492 0.00855654761904762
0 0.5803571428571429 0.6915922619047619 0.00958994708994709 0.007688492063492063
0 0.41352513227513227 0.7358630952380952 0.009259259259259259 0.007936507936507936
0 0.14641203703703703 0.14930555555555555 0.010416666666666666 0.006696428571428571
0 0.8841765873015873 0.43334573412698413 0.010416666666666666 0.007316468253968254
0 0.19419642857142858 0.5925099206349206 0.010416666666666666 0.00744047619047619
0 0.7356150793650794 0.15618799603174602 0.009259259259259259 0.006572420634920635
0 0.7972056878306878 0.4701140873015873 0.010416666666666666 0.00744047619047619
0 0.6968419312169312 0.3449280753968254 0.010416666666666666 0.008804563492063492
0 0.8973214285714286 0.34951636904761907 0.010912698412698412 0.007564484126984127
0 0.656167328042328 0.33190724206349204 0.011408730158730158 0.0078125
0 0.1550925925925926 0.1753472222222222 0.010582010582010581 0.007688492063492063
0 0.7673611111111112 0.730530753968254 0.01025132275132275 0.006944444444444444
0 0.5682870370370371 0.9144965277777778 0.010912698412698412 0.008060515873015874
0 0.5297619047619048 0.6775793650793651 0.00958994708994709 0.007192460317460317
0 0.6965939153439153 0.12456597222222222 0.01025132275132275 0.0078125
0 0.8888888888888888 0.2609747023809524 0.010912698412698412 0.00855654761904762
0 0.9147652116402116 0.4562872023809524 0.009424603174603174 0.006572420634920635
0 0.8108465608465608 0.26091269841269843 0.009259259259259259 0.007936507936507936
0 0.09523809523809523 0.22724454365079366 0.00992063492063492 0.007068452380952381
0 0.6020171957671958 0.6744171626984127 0.00958994708994709 0.007068452380952381
0 0.1453373015873016 0.5341641865079365 0.00992063492063492 0.008060515873015874
0 0.8962466931216931 0.35732886904761907 0.010085978835978835 0.006820436507936508
0 0.7761243386243386 0.4234250992063492 0.00958994708994709 0.007068452380952381
0 0.638640873015873 0.6188616071428571 0.010747354497354497 0.007564484126984127
0 0.2914186507936508 0.23177083333333334 0.010416666666666666 0.00818452380952381
0 0.8404431216931217 0.6544518849206349 0.00958994708994709 0.007068452380952381
0 0.8991402116402116 0.9197668650793651 0.00958994708994709 0.008432539682539682
0 0.3639219576719577 0.20281498015873015 0.010582010582010581 0.007068452380952381
0 0.8293650793650794 0.45913938492063494 0.008928571428571428 0.007564484126984127
0 0.5474537037037037 0.7958209325396826 0.009259259259259259 0.007564484126984127
0 0.5310019841269841 0.1455233134920635 0.009424603174603174 0.0078125
0 0.32258597883597884 0.17044890873015872 0.01025132275132275 0.008308531746031746
0 0.3978174603174603 0.5835813492063492 0.00992063492063492 0.006448412698412698
0 0.28191137566137564 0.7725074404761905 0.01025132275132275 0.007316468253968254
0 0.6812169312169312 0.7796378968253969 0.01025132275132275 0.00818452380952381
0 0.627066798941799 0.5724826388888888 0.010747354497354497 0.007316468253968254
0 0.8835152116402116 0.5671502976190477 0.009424603174603174 0.0078125
0 0.6292162698412699 0.9096602182539683 0.010416666666666666 0.007316468253968254
0 0.833994708994709 0.7121155753968254 0.010912698412698412 0.007316468253968254
0 0.6200396825396826 0.7279265873015873 0.00958994708994709 0.008680555555555556
0 0.7844742063492064 0.6680927579365079 0.010416666666666666 0.007316468253968254
0 0.7396660052910053 0.6279761904761905 0.010416666666666666 0.006944444444444444
0 0.7263558201058201 0.3764260912698413 0.00992063492063492 0.007564484126984127
0 0.5357969576719577 0.6867559523809523 0.010416666666666666 0.00744047619047619
0 0.94932208994709 0.3607390873015873 0.009755291005291005 0.007192460317460317
0 0.859209656084656 0.753968253968254 0.009424603174603174 0.007688492063492063
0 0.671709656084656 0.7692832341269841 0.009424603174603174 0.008308531746031746
0 0.7535548941798942 0.5027901785714286 0.009424603174603174 0.007564484126984127
0 0.5702711640211641 0.7163318452380952 0.00992063492063492 0.006572420634920635
0 0.5843253968253969 0.6671626984126984 0.008928571428571428 0.00744047619047619
0 0.09722222222222222 0.9227430555555556 0.011574074074074073 0.007936507936507936
0 0.06043320105820106 0.6863839285714286 0.010085978835978835 0.006696428571428571
0 0.8965773809523809 0.5900297619047619 0.008763227513227513 0.006200396825396825
0 0.408234126984127 0.7541542658730159 0.01025132275132275 0.00855654761904762
0 0.5953207671957672 0.5048983134920635 0.00744047619047619 0.006820436507936508
0 0.871114417989418 0.6513516865079365 0.010747354497354497 0.0078125
0 0.6398809523809523 0.18210565476190477 0.011243386243386243 0.007564484126984127
0 0.6842757936507936 0.6961805555555556 0.010085978835978835 0.00744047619047619
0 0.8918650793650794 0.6456473214285714 0.010582010582010581 0.007068452380952381
0 0.4957837301587302 0.2214781746031746 0.010085978835978835 0.008432539682539682
0 0.656332671957672 0.5138888888888888 0.009755291005291005 0.00818452380952381
0 0.7687665343915344 0.6321924603174603 0.009424603174603174 0.007192460317460317
0 0.8229166666666666 0.4713541666666667 0.009259259259259259 0.008432539682539682
0 0.8003472222222222 0.7596726190476191 0.010747354497354497 0.00744047619047619
0 0.8643353174603174 0.613343253968254 0.011078042328042327 0.007192460317460317
0 0.939318783068783 0.40166170634920634 0.012235449735449735 0.00818452380952381
0 0.6989087301587301 0.7134796626984127 0.01025132275132275 0.0078125
0 0.6027612433862434 0.3862847222222222 0.008101851851851851 0.006944444444444444
0 0.8082010582010583 0.4972718253968254 0.009259259259259259 0.00744047619047619
0 0.609209656084656 0.31938244047619047 0.010085978835978835 0.006820436507936508
0 0.7687665343915344 0.7952008928571429 0.010416666666666666 0.0078125
0 0.6043320105820106 0.3771701388888889 0.00992063492063492 0.008060515873015874
0 0.5050429894179894 0.7137896825396826 0.010085978835978835 0.007688492063492063
0 0.894593253968254 0.43154761904761907 0.010747354497354497 0.007688492063492063
0 0.8334986772486772 0.7332589285714286 0.009259259259259259 0.006696428571428571
0 0.5967261904761905 0.4351438492063492 0.008267195767195767 0.006696428571428571
0 0.9408068783068783 0.6635044642857143 0.010912698412698412 0.007316468253968254
0 0.9058366402116402 0.22885664682539683 0.009093915343915343 0.006572420634920635
0 0.8588789682539683 0.6369047619047619 0.010085978835978835 0.00744047619047619
0 0.6340939153439153 0.3607390873015873 0.008597883597883597 0.006696428571428571
0 0.6025958994708994 0.4124503968253968 0.008432539682539682 0.006448412698412698
0 0.7141203703703703 0.33544146825396826 0.01025132275132275 0.00818452380952381
0 0.904183201058201 0.20064484126984128 0.008763227513227513 0.007688492063492063
0 0.794808201058201 0.4383680555555556 0.01025132275132275 0.00744047619047619
0 0.9243551587301587 0.3955233134920635 0.008763227513227513 0.007316468253968254
0 0.9104662698412699 0.6587301587301587 0.011739417989417989 0.00818452380952381
0 0.7571924603174603 0.7795138888888888 0.011408730158730158 0.008928571428571428
0 0.8873181216931217 0.5257316468253969 0.010747354497354497 0.007564484126984127
0 0.9525462962962963 0.7607266865079365 0.00992063492063492 0.007564484126984127
0 0.8676421957671958 0.6285342261904762 0.01240079365079365 0.012028769841269842
0 0.9113756613756614 0.6383928571428571 0.010582010582010581 0.00744047619047619
0 0.8698743386243386 0.5327380952380952 0.00958994708994709 0.007936507936507936
0 0.785218253968254 0.7051711309523809 0.01025132275132275 0.007068452380952381
0 0.933531746031746 0.43253968253968256 0.008928571428571428 0.007688492063492063
0 0.597718253968254 0.4817708333333333 0.00958994708994709 0.008680555555555556
0 0.6663359788359788 0.37258184523809523 0.010582010582010581 0.007564484126984127
0 0.8869874338624338 0.6121651785714286 0.010085978835978835 0.007564484126984127
0 0.8820271164021164 0.6622023809523809 0.010416666666666666 0.00818452380952381
0 0.6103670634920635 0.3246527777777778 0.010416666666666666 0.006944444444444444
0 0.7932374338624338 0.5098586309523809 0.013062169312169311 0.009548611111111112
0 0.8936838624338624 0.7275545634920635 0.012566137566137565 0.009176587301587302
0 0.8841765873015873 0.5501612103174603 0.009755291005291005 0.007068452380952381
0 0.9321263227513228 0.1697048611111111 0.009424603174603174 0.007068452380952381
0 0.890790343915344 0.3369295634920635 0.011739417989417989 0.00818452380952381
0 0.6337632275132276 0.714781746031746 0.00992063492063492 0.00744047619047619
0 0.9464285714285714 0.6746651785714286 0.00958994708994709 0.008060515873015874
0 0.7322255291005291 0.32626488095238093 0.010416666666666666 0.007936507936507936
0 0.7816633597883598 0.6817956349206349 0.009093915343915343 0.00818452380952381
0 0.6492228835978836 0.8240327380952381 0.011739417989417989 0.008680555555555556
0 0.751984126984127 0.5454489087301587 0.011904761904761904 0.009300595238095238
0 0.6007771164021164 0.28869047619047616 0.008101851851851851 0.006448412698412698
0 0.9473379629629629 0.7858382936507936 0.01273148148148148 0.00992063492063492
0 0.9141038359788359 0.6856398809523809 0.01207010582010582 0.009672619047619048
0 0.8408564814814815 0.4817708333333333 0.011739417989417989 0.009176587301587302
0 0.9203042328042328 0.41728670634920634 0.011904761904761904 0.008928571428571428
0 0.9054232804232805 0.419890873015873 0.012566137566137565 0.009176587301587302
0 0.9283234126984127 0.4517609126984127 0.009093915343915343 0.008928571428571428
0 0.6808862433862434 0.6912822420634921 0.010582010582010581 0.008060515873015874
0 0.9442791005291006 0.6939484126984127 0.011574074074074073 0.008928571428571428
0 0.7634755291005291 0.7741195436507936 0.010085978835978835 0.009052579365079366
0 0.9489087301587301 0.7427455357142857 0.009259259259259259 0.0078125
0 0.9548611111111112 0.4674479166666667 0.012235449735449735 0.010540674603174604
