0 0.8147321428571429 0.40066964285714285 0.011408730158730158 0.008432539682539682
0 0.7599206349206349 0.038566468253968256 0.01025132275132275 0.008680555555555556
0 0.627066798941799 0.3782862103174603 0.010416666666666666 0.007564484126984127
0 0.2353670634920635 0.06125992063492063 0.011078042328042327 0.00818452380952381
0 0.26455026455026454 0.37109375 0.011904761904761904 0.008308531746031746
0 0.6532738095238095 0.07626488095238096 0.011243386243386243 0.008928571428571428
0 0.8882275132275133 0.5414186507936508 0.01025132275132275 0.008928571428571428
0 0.38310185185185186 0.8076016865079365 0.012235449735449735 0.008804563492063492
0 0.3834325396825397 0.3842385912698413 0.011574074074074073 0.009052579365079366
0 0.7917493386243386 0.4534350198412698 0.011078042328042327 0.00855654761904762
0 0.34871031746031744 0.7248263888888888 0.011574074074074073 0.009176587301587302
0 0.08250661375661375 0.40029761904761907 0.011243386243386243 0.008928571428571428
0 0.3382936507936508 0.28583829365079366 0.012566137566137565 0.009176587301587302
0 0.7619047619047619 0.20380704365079366 0.011574074074074073 0.0078125
0 0.535135582010582 0.4800347222222222 0.010747354497354497 0.007192460317460317
0 0.5353009259259259 0.4451264880952381 0.010416666666666666 0.0078125
0 0.5673776455026455 0.23803323412698413 0.011408730158730158 0.008060515873015874
0 0.498015873015873 0.36507936507936506 0.011904761904761904 0.007936507936507936
0 0.7523148148148148 0.12437996031746032 0.011243386243386243 0.008432539682539682
0 0.4177414021164021 0.5197792658730159 0.010416666666666666 0.00855654761904762
0 0.4581679894179894 0.43681795634920634 0.01025132275132275 0.00855654761904762
0 0.8499503968253969 0.4792906746031746 0.010747354497354497 0.00744047619047619
0 0.4496527777777778 0.6656125992063492 0.010416666666666666 0.008308531746031746
0 0.369130291005291 0.5259796626984127 0.010747354497354497 0.007564484126984127
0 0.6299603174603174 0.4142485119047619 0.00958994708994709 0.008804563492063492
0 0.22585978835978837 0.7804439484126984 0.010582010582010581 0.00855654761904762
0 0.8259755291005291 0.5966021825396826 0.011078042328042327 0.007936507936507936
0 0.7876984126984127 0.6884920634920635 0.010582010582010581 0.008928571428571428
0 0.7095734126984127 0.15556795634920634 0.011408730158730158 0.009052579365079366
0 0.8672288359788359 0.664000496031746 0.011243386243386243 0.0078125
0 0.7686838624338624 0.6334325396825397 0.00992063492063492 0.00818452380952381
0 0.718584656084656 0.665984623015873 0.01025132275132275 0.008308531746031746
0 0.7920800264550265 0.1277281746031746 0.010416666666666666 0.007688492063492063
0 0.8158895502645502 0.28292410714285715 0.011078042328042327 0.009300595238095238
0 0.781415343915344 0.6989087301587301 0.00992063492063492 0.008928571428571428
0 0.8727678571428571 0.47445436507936506 0.010416666666666666 0.008432539682539682
0 0.7838955026455027 0.7606646825396826 0.011243386243386243 0.00818452380952381
0 0.7495039682539683 0.31274801587301587 0.011243386243386243 0.008432539682539682
0 0.8795469576719577 0.5065724206349206 0.009755291005291005 0.00818452380952381
0 0.5962301587301587 0.494109623015873 0.01025132275132275 0.007316468253968254
0 0.7195767195767195 0.10999503968253968 0.01025132275132275 0.00818452380952381
0 0.8234953703703703 0.5778769841269841 0.010747354497354497 0.008432539682539682
0 0.5440641534391535 0.5793650793650794 0.010416666666666666 0.007936507936507936
0 0.8739252645502645 0.7023809523809523 0.010416666666666666 0.009176587301587302
0 0.8942625661375662 0.5094866071428571 0.010747354497354497 0.0078125
0 0.77744708994709 0.2026909722222222 0.00958994708994709 0.007068452380952381
0 0.9136078042328042 0.15618799603174602 0.010085978835978835 0.007564484126984127
0 0.8572255291005291 0.8190104166666666 0.011739417989417989 0.00855654761904762
0 0.7321428571428571 0.6324404761904762 0.00992063492063492 0.008928571428571428
0 0.896494708994709 0.19053819444444445 0.011243386243386243 0.007564484126984127
0 0.8916997354497355 0.7316468253968254 0.01455026455026455 0.011160714285714286
0 0.910218253968254 0.40345982142857145 0.01025132275132275 0.007316468253968254
0 0.6684027777777778 0.8056795634920635 0.011078042328042327 0.009176587301587302
0 0.7237103174603174 0.09040178571428571 0.011243386243386243 0.007688492063492063
0 0.8969080687830688 0.23995535714285715 0.010085978835978835 0.008432539682539682
