0 0.45257686631438865 0.3160008056825296 0.4600280543331006 0.3160008056825296 0.4600280543331006 0.32519525690051787 0.45257686631438865 0.32519525690051787
0 0.4720645888248663 0.3162562071052515 0.4789426085344467 0.3162562071052515 0.4789426085344467 0.32442905263235217 0.4720645888248663 0.32442905263235217
0 0.4926986479536074 0.3160008056825296 0.5001498359723194 0.3160008056825296 0.5001498359723194 0.32570605974596173 0.4926986479536074 0.32570605974596173
0 0.5102758094336461 0.3172778127961391 0.5158164364219193 0.3172778127961391 0.5158164364219193 0.3262168625914054 0.5102758094336461 0.3262168625914054
0 0.5303367002532555 0.3165116085279734 0.537214719962836 0.3165116085279734 0.537214719962836 0.32647226401412727 0.5303367002532555 0.32647226401412727
0 0.45773538109657397 0.3793403585175598 0.4649955130122422 0.3793403585175598 0.4649955130122422 0.3882794083128262 0.45773538109657397 0.3882794083128262
0 0.48295478669836855 0.37346612579495625 0.4890685819957734 0.37346612579495625 0.4890685819957734 0.3824051755902225 0.48295478669836855 0.3824051755902225
0 0.5064546873727681 0.3724445201040687 0.5129505948762607 0.3724445201040687 0.5129505948762607 0.3806173656311692 0.5064546873727681 0.3806173656311692
0 0.5270887465015093 0.3678472944950745 0.5343488784171774 0.3678472944950745 0.5343488784171774 0.37653094286761896 0.5270887465015093 0.37653094286761896
0 0.5488691422485137 0.3696351044541277 0.555747161958094 0.3696351044541277 0.555747161958094 0.37576473859945325 0.5488691422485137 0.37576473859945325
0 0.4588817177148372 0.47690370199732407 0.4667150179396372 0.47690370199732407 0.4667150179396372 0.486864357483478 0.4588817177148372 0.486864357483478
0 0.4852474599348953 0.4799685190699868 0.49365392846882694 0.4799685190699868 0.49365392846882694 0.4886521674425312 0.4852474599348953 0.4886521674425312
0 0.5098936972275583 0.4832887375653715 0.5188733340706215 0.4832887375653715 0.5188733340706215 0.4927385902060816 0.5098936972275583 0.4927385902060816
0 0.5419911225389333 0.4781807091109336 0.5507797032789526 0.4781807091109336 0.5507797032789526 0.48941837171069685 0.5419911225389333 0.48941837171069685
0 0.5658731354194206 0.47971311764726493 0.5756169966746596 0.47971311764726493 0.5756169966746596 0.48609815321531236 0.5658731354194206 0.48609815321531236
0 0.48486534772880746 0.5369230363369696 0.49308076015969515 0.5369230363369696 0.49308076015969515 0.545351283286792 0.48486534772880746 0.545351283286792
0 0.5066457434758119 0.5333474164188631 0.5139058753914801 0.5333474164188631 0.5139058753914801 0.5425418676368514 0.5066457434758119 0.5425418676368514
0 0.5316740929745628 0.5282393879644252 0.538743168787187 0.5282393879644252 0.538743168787187 0.5374338391824133 0.5316740929745628 0.5374338391824133
0 0.5515439276911281 0.5267069794280937 0.5588040596067964 0.5267069794280937 0.5588040596067964 0.5364122334915258 0.5515439276911281 0.5364122334915258
0 0.45372320293265195 0.6252919285987457 0.46193861536353964 0.6252919285987457 0.46193861536353964 0.6347417812394558 0.45372320293265195 0.6347417812394558
0 0.4804710573587979 0.6286121470941303 0.48696696486229046 0.6286121470941303 0.48696696486229046 0.6380619997348405 0.4804710573587979 0.6380619997348405
0 0.5062636312697242 0.6273351399805209 0.5127595387732168 0.6273351399805209 0.5127595387732168 0.6375511968893968 0.5062636312697242 0.6375511968893968
0 0.5284261392228166 0.622227111526083 0.5364504955506603 0.622227111526083 0.5364504955506603 0.6316769641667931 0.5284261392228166 0.6316769641667931
0 0.5528813204124355 0.6212055058351954 0.5601414523281038 0.6212055058351954 0.5601414523281038 0.6311661613213494 0.5528813204124355 0.6311661613213494
0 0.4544874273448276 0.6830126501338941 0.461365447054408 0.6830126501338941 0.461365447054408 0.6927179041973263 0.4544874273448276 0.6927179041973263
0 0.48085316956488566 0.6830126501338941 0.4886864697896855 0.6830126501338941 0.4886864697896855 0.6916962985064388 0.48085316956488566 0.6916962985064388
0 0.5054994068575487 0.6899084885473853 0.5106579216397339 0.6899084885473853 0.5106579216397339 0.6985921369199297 0.5054994068575487 0.6985921369199297
0 0.5305277563562993 0.6832680515566161 0.5364504955506603 0.6832680515566161 0.5364504955506603 0.6929733056200482 0.5305277563562993 0.6929733056200482
0 0.5528813204124355 0.6825018472884504 0.5610967328433232 0.6825018472884504 0.5610967328433232 0.6916962985064388 0.5528813204124355 0.6916962985064388
0 0.4642312886000664 0.7897704448316468 0.4724467010309541 0.7897704448316468 0.4724467010309541 0.7997311003178006 0.4642312886000664 0.7997311003178006
0 0.49136125523230006 0.7920690576361439 0.4999587798692755 0.7920690576361439 0.4999587798692755 0.8007527060086883 0.49136125523230006 0.8007527060086883
0 0.5211660073071482 0.7902812476770906 0.5267066342954214 0.7902812476770906 0.5267066342954214 0.8012635088541322 0.5211660073071482 0.8012635088541322
0 0.5448569640845917 0.7872164306044279 0.5526902643093916 0.7872164306044279 0.5526902643093916 0.7984540932041913 0.5448569640845917 0.7984540932041913
0 0.5664463037285524 0.7907920505225343 0.5735153795411766 0.7907920505225343 0.5735153795411766 0.7989648960496349 0.5664463037285524 0.7989648960496349
0 0.45849960550874946 0.8451925535622982 0.4674792423518127 0.8451925535622982 0.4674792423518127 0.8520883919757893 0.45849960550874946 0.8520883919757893
0 0.5144790437006118 0.8434047436032449 0.5230765683375873 0.8434047436032449 0.5230765683375873 0.8510667862849017 0.5144790437006118 0.8510667862849017
0 0.5402716176115382 0.8426385393350793 0.5467675251150308 0.8426385393350793 0.5467675251150308 0.8520883919757892 0.5402716176115382 0.8520883919757892
0 0.5620520133585427 0.8413615322214699 0.5687389769650791 0.8413615322214699 0.5687389769650791 0.8495343777485704 0.5620520133585427 0.8495343777485704
0 0.5811576236629326 0.8388075179942508 0.5893730360938203 0.8388075179942508 0.5893730360938203 0.8487681734804047 0.5811576236629326 0.8487681734804047
