0 0.4503168503105809 0.3148516503919198 0.4566042831494497 0.3148516503919198 0.4566042831494497 0.32293944404661096 0.4503168503105809 0.32293944404661096
0 0.4691791488271874 0.3131072243095354 0.4757038432826173 0.3131072243095354 0.4757038432826173 0.3216707705321497 0.4691791488271874 0.3216707705321497
0 0.48958364785144093 0.3139001452560738 0.4964642347317126 0.3139001452560738 0.4964642347317126 0.32230510728938033 0.48958364785144093 0.32230510728938033
0 0.5064292226272782 0.3153274029598428 0.5129539170827081 0.3153274029598428 0.5129539170827081 0.32468387012899536 0.5064292226272782 0.32468387012899536
0 0.5267150908432512 0.31469306620261217 0.5339515701483646 0.31469306620261217 0.5339515701483646 0.323890949182457 0.5267150908432512 0.323890949182457
0 0.4542316669838389 0.3762237316539882 0.4606377306309882 0.3762237316539882 0.4606377306309882 0.3860559513910638 0.4542316669838389 0.3860559513910638
0 0.4786696134896309 0.3714662059747581 0.4860247236030246 0.3714662059747581 0.4860247236030246 0.38034692057598757 0.4786696134896309 0.38034692057598757
0 0.5028702983788619 0.3692460273244507 0.5095136236425724 0.3692460273244507 0.5095136236425724 0.37955399962944925 0.5028702983788619 0.37955399962944925
0 0.5231561665948349 0.3651228384024512 0.5307485383247897 0.3651228384024512 0.5307485383247897 0.3752722265181422 0.5231561665948349 0.3752722265181422
0 0.5456960201681382 0.3654400067810666 0.5519834530070069 0.3654400067810666 0.5519834530070069 0.37511364232883454 0.5456960201681382 0.37511364232883454
0 0.45589249829976647 0.47581460253920504 0.463010346796599 0.47581460253920504 0.463010346796599 0.48406098038320394 0.45589249829976647 0.48406098038320394
0 0.48139812208008337 0.4775590286215895 0.4910072175508074 0.4775590286215895 0.4910072175508074 0.4861225748442038 0.48139812208008337 0.4861225748442038
0 0.507496899901803 0.4810478807863582 0.5148520100151969 0.4810478807863582 0.5148520100151969 0.49103868471274137 0.507496899901803 0.49103868471274137
0 0.540001741370672 0.47771761281089714 0.5467636974426632 0.47771761281089714 0.5467636974426632 0.4865983274121267 0.540001741370672 0.4865983274121267
0 0.5628974873688171 0.4772418602429742 0.5714389055650162 0.4772418602429742 0.5714389055650162 0.48390239619389636 0.5628974873688171 0.48390239619389636
0 0.48139812208008337 0.5336978316365047 0.4901768018928435 0.5336978316365047 0.4901768018928435 0.5435300513735802 0.48139812208008337 0.5435300513735802
0 0.5032261908037035 0.529733226903813 0.5110558241502193 0.529733226903813 0.5110558241502193 0.5401997833981191 0.5032261908037035 0.5401997833981191
0 0.5276641373094955 0.5248171170352752 0.5351378782311699 0.5248171170352752 0.5351378782311699 0.5357594260975045 0.5276641373094955 0.5357594260975045
0 0.5486617903751518 0.5246585328459675 0.5554237464471428 0.5246585328459675 0.5554237464471428 0.5343321683937354 0.5486617903751518 0.5343321683937354
0 0.45043548111886145 0.624407987920492 0.45779059123225513 0.624407987920492 0.45779059123225513 0.6318614448179526 0.45043548111886145 0.6318614448179526
0 0.47724604379026436 0.626310998192184 0.48305895339601107 0.626310998192184 0.48305895339601107 0.636460386307875 0.47724604379026436 0.636460386307875
0 0.5023957751457397 0.6247251562991074 0.5084459463680476 0.6247251562991074 0.5084459463680476 0.6353502969827215 0.5023957751457397 0.6353502969827215
0 0.524698367102482 0.619174709673339 0.5320534772158757 0.619174709673339 0.5320534772158757 0.6288483452211068 0.524698367102482 0.6288483452211068
0 0.5496108368413962 0.6188575412947236 0.5555423772554234 0.6188575412947236 0.5555423772554234 0.6282140084638761 0.5496108368413962 0.6282140084638761
0 0.4500795886940198 0.6813397118819456 0.45767196042397457 0.6813397118819456 0.45767196042397457 0.6902204264831752 0.4500795886940198 0.6902204264831752
0 0.4770087821737032 0.6803882067460997 0.4850756771367803 0.6803882067460997 0.4850756771367803 0.6895860897259445 0.4770087821737032 0.6895860897259445
0 0.5018026211043369 0.6870487426970218 0.5071410074769613 0.6870487426970218 0.5071410074769613 0.6959294572982514 0.5018026211043369 0.6959294572982514
0 0.5267150908432512 0.6811811276926378 0.5326466312572785 0.6811811276926378 0.5326466312572785 0.690696179051098 0.5267150908432512 0.690696179051098
0 0.5494922060331157 0.6803882067460997 0.5574404701879121 0.6803882067460997 0.5574404701879121 0.6899032581045598 0.5494922060331157 0.6899032581045598
0 0.46087499224754935 0.7874325345287773 0.46787420993610157 0.7874325345287773 0.46787420993610157 0.7974233384551604 0.46087499224754935 0.7974233384551604
0 0.4883973397686356 0.7910799708828534 0.4958710806903099 0.7910799708828534 0.4958710806903099 0.7974233384551602 0.4883973397686356 0.7974233384551602
0 0.5169873645642467 0.7887012080432384 0.5237493206362376 0.7887012080432384 0.5237493206362376 0.7972647542658525 0.5169873645642467 0.7972647542658525
0 0.5414253110700388 0.7867981977715465 0.5493735752248353 0.7867981977715465 0.5493735752248353 0.7952031598048528 0.5414253110700388 0.7952031598048528
0 0.562660225752256 0.7877497029073923 0.5700153358656499 0.7877497029073923 0.5700153358656499 0.7975819226444679 0.562660225752256 0.7975819226444679
0 0.4554179750666444 0.8426198324078462 0.462535823563477 0.8426198324078462 0.462535823563477 0.8502318734946145 0.4554179750666444 0.8502318734946145
0 0.5116489781916221 0.8418269114613078 0.5198345039629797 0.8418269114613078 0.5198345039629797 0.848011694844307 0.5116489781916221 0.848011694844307
0 0.5371546019719391 0.8407168221361542 0.5430861423859664 0.8407168221361542 0.5430861423859664 0.8494389525480759 0.5371546019719391 0.8494389525480759
0 0.5576777318044732 0.8386552276751544 0.5633720106019394 0.8386552276751544 0.5633720106019394 0.847060189708461 0.5576777318044732 0.847060189708461
0 0.5782008616370073 0.838338059296539 0.5857932333669621 0.838338059296539 0.5857932333669621 0.8456329320046919 0.5782008616370073 0.8456329320046919
