0 0.14393135100370916 0.01835672185671356 0.15054303850564632 0.01835672185671356 0.15054303850564632 0.03059453642785593 0.14393135100370916 0.03059453642785593
0 0.1642750048558235 0.01937653973764209 0.17241246639666927 0.01937653973764209 0.17241246639666927 0.028894839959641712 0.1642750048558235 0.028894839959641712
0 0.19453618996084363 0.02447562914228475 0.2003849904433265 0.02447562914228475 0.2003849904433265 0.031274415015141624 0.19453618996084363 0.031274415015141624
0 0.21640561785186654 0.015297268213927968 0.2260688534316209 0.015297268213927968 0.2260688534316209 0.026515264904141814 0.21640561785186654 0.026515264904141814
0 0.24895546401524957 0.01835672185671356 0.256330038536641 0.01835672185671356 0.256330038536641 0.027875022078713188 0.24895546401524957 0.027875022078713188
0 0.14521927756306469 0.07175691039692038 0.15181939748639936 0.07175691039692038 0.15181939748639936 0.0822051504173616 0.14521927756306469 0.0822051504173616
0 0.16936182149315737 0.07198909350848574 0.17717775298131683 0.07198909350848574 0.17717775298131683 0.08174078419423085 0.16936182149315737 0.08174078419423085
0 0.18985693072877555 0.07431092462413934 0.19940973588097052 0.07431092462413934 0.19940973588097052 0.08708099576023415 0.18985693072877555 0.08708099576023415
0 0.2172995346205356 0.07245345973161646 0.22494177874229157 0.07245345973161646 0.22494177874229157 0.08243733352892696 0.2172995346205356 0.08243733352892696
0 0.24561057534431335 0.06943507928126678 0.25186332053484095 0.06943507928126678 0.25186332053484095 0.0791867699670119 0.24561057534431335 0.0791867699670119
0 0.13948759447174772 0.16045085901488787 0.14626140176148597 0.16045085901488787 0.14626140176148597 0.1697381834775023 0.13948759447174772 0.1697381834775023
0 0.1710986951571928 0.1609152252380186 0.17578825405008847 0.1609152252380186 0.17578825405008847 0.1720600145931559 0.1710986951571928 0.1720600145931559
0 0.19315699069044295 0.1609152252380186 0.2020150463770237 0.1609152252380186 0.2020150463770237 0.16973818347750227 0.19315699069044295 0.16973818347750227
0 0.22164171878062422 0.16695198613871795 0.22806815133755537 0.16695198613871795 0.22806815133755537 0.17786459238228988 0.22164171878062422 0.17786459238228988
0 0.24752113637475234 0.16346923946523756 0.2544686310308941 0.16346923946523756 0.2544686310308941 0.17670367682446306 0.24752113637475234 0.17670367682446306
0 0.13896653237253706 0.21896100312935862 0.14869302489113556 0.21896100312935862 0.14869302489113556 0.22592649647631943 0.13896653237253706 0.22592649647631943
0 0.16363013840184043 0.21571043956744357 0.17214081935561407 0.21571043956744357 0.17214081935561407 0.22685522892258084 0.16363013840184043 0.22685522892258084
0 0.20288348320904145 0.22546213025318868 0.21122047679641154 0.22546213025318868 0.21122047679641154 0.23498163782736847 0.20288348320904145 0.23498163782736847
0 0.23188927339843335 0.21756790445996643 0.23953151752018934 0.21756790445996643 0.23953151752018934 0.2291770600382345 0.23188927339843335 0.2291770600382345
0 0.261763500419843 0.22314029913753508 0.26905836980879194 0.22314029913753508 0.26905836980879194 0.23567818716206454 0.261763500419843 0.23567818716206454
0 0.13722965870850162 0.3197284735487248 0.14504559019666113 0.3197284735487248 0.14504559019666113 0.3308732629038621 0.13722965870850162 0.3308732629038621
0 0.16015639107376947 0.321121572218117 0.1684933846611396 0.321121572218117 0.1684933846611396 0.3311054460154275 0.16015639107376947 0.3311054460154275
0 0.18290943607263382 0.31787100865620194 0.19176749175921456 0.31787100865620194 0.19176749175921456 0.3278548824535124 0.18290943607263382 0.3278548824535124
0 0.21903640828457108 0.3257652344494242 0.226678652406327 0.3257652344494242 0.226678652406327 0.33667784069299617 0.21903640828457108 0.33667784069299617
0 0.2527317573668587 0.32390776955690126 0.2591581899237899 0.32390776955690126 0.2591581899237899 0.33528474202360387 0.2527317573668587 0.33528474202360387
0 0.13740334607490517 0.36825474386588497 0.14574033966227531 0.36825474386588497 0.14574033966227531 0.3782386176631955 0.13740334607490517 0.3782386176631955
0 0.16189326473780494 0.3715053074278001 0.16814600992833253 0.3715053074278001 0.16814600992833253 0.382417913671372 0.16189326473780494 0.382417913671372
0 0.18377787290465158 0.3715053074278001 0.19298330332403943 0.3715053074278001 0.19298330332403943 0.38079263189041446 0.18377787290465158 0.38079263189041446
0 0.20930991576597255 0.36593291275023143 0.2157363483229037 0.36593291275023143 0.2157363483229037 0.3791673501094569 0.20930991576597255 0.3791673501094569
0 0.2301523997343979 0.37080875809310393 0.23727358175694319 0.37080875809310393 0.23727358175694319 0.38288227989450263 0.2301523997343979 0.38288227989450263
0 0.12976110195314922 0.472737144070297 0.13688228397569455 0.472737144070297 0.13688228397569455 0.48109573608664996 0.12976110195314922 0.48109573608664996
0 0.15216677221920646 0.4704153129546434 0.15894057950894472 0.4704153129546434 0.15894057950894472 0.4794704543056925 0.15216677221920646 0.4794704543056925
0 0.17318294355403535 0.4697187636199473 0.18099887504219486 0.4697187636199473 0.18099887504219486 0.48086355297508465 0.17318294355403535 0.48086355297508465
0 0.19419911488886415 0.4704153129546434 0.20323085794184853 0.4704153129546434 0.20323085794184853 0.4834175672023036 0.19419911488886415 0.4834175672023036
0 0.22164171878062422 0.4725049609587317 0.23188927339843335 0.4725049609587317 0.23188927339843335 0.4841141165369997 0.22164171878062422 0.4841141165369997
0 0.13097691351797403 0.5238174286146762 0.14122446813578315 0.5238174286146762 0.14122446813578315 0.535194401081379 0.13097691351797403 0.535194401081379
0 0.15633526901289152 0.5298541895153756 0.1639775131346475 0.5298541895153756 0.1639775131346475 0.5412311619820782 0.15633526901289152 0.5412311619820782
0 0.1792620013781594 0.5256748935071991 0.18638318340070467 0.5256748935071991 0.18638318340070467 0.5368196828623364 0.1792620013781594 0.5368196828623364
0 0.19975711061377757 0.5242817948378069 0.20844147893395482 0.5242817948378069 0.20844147893395482 0.5358909504160749 0.19975711061377757 0.5358909504160749
0 0.22650496503992346 0.528228907734418 0.23605777019211838 0.528228907734418 0.23605777019211838 0.5377484153085978 0.22650496503992346 0.5377484153085978
0 0.12976110195314922 0.6192446874680393 0.13827178290692288 0.6192446874680393 0.13827178290692288 0.6289963781537844 0.12976110195314922 0.6289963781537844
0 0.15494577008166316 0.6180837719102125 0.1615458900049979 0.6180837719102125 0.1615458900049979 0.6294607443769152 0.15494577008166316 0.6294607443769152
0 0.17370400565324598 0.6192446874680393 0.18221468660701967 0.6192446874680393 0.18221468660701967 0.630621659934742 0.17370400565324598 0.630621659934742
0 0.20427298214026976 0.6243527159224772 0.21365209992606118 0.6243527159224772 0.21365209992606118 0.634568772831353 0.20427298214026976 0.634568772831353
0 0.23675251965773259 0.6236561665877811 0.2450895132451027 0.6236561665877811 0.2450895132451027 0.6359618715007452 0.23675251965773259 0.6359618715007452
0 0.15181939748639936 0.6582514502110197 0.15911426687534824 0.6582514502110197 0.15911426687534824 0.6682353240083302 0.15181939748639936 0.6682353240083302
0 0.13462434821244845 0.6761295498015525 0.1429613417998186 0.6761295498015525 0.1429613417998186 0.6849525080410361 0.13462434821244845 0.6849525080410361
0 0.18204099924061612 0.6696284226777223 0.19124642966000396 0.6696284226777223 0.19124642966000396 0.6786835640287713 0.18204099924061612 0.6786835640287713
0 0.209136228399569 0.6731111693512026 0.21729953462053558 0.6731111693512026 0.21729953462053558 0.6837915924832092 0.209136228399569 0.6837915924832092
0 0.23223664813124031 0.6703249720124237 0.23953151752018914 0.6703249720124237 0.23953151752018914 0.6817019444791262 0.23223664813124031 0.6817019444791262
0 0.13149797561718465 0.7715568086549154 0.1379244081741158 0.7715568086549154 0.1379244081741158 0.7820050486753566 0.13149797561718465 0.7820050486753566
0 0.14747721332631075 0.7801475837828334 0.15459839534885608 0.7801475837828334 0.15459839534885608 0.7903636406917093 0.14747721332631075 0.7903636406917093
0 0.16814600992833253 0.7775935695556145 0.17648300351570267 0.7775935695556145 0.17648300351570267 0.7896670913570134 0.16814600992833253 0.7896670913570134
0 0.19749917485053156 0.7750395553283957 0.20548879370509457 0.7750395553283957 0.20548879370509457 0.7857199784604023 0.19749917485053156 0.7857199784604023
0 0.21903640828457108 0.7775935695556145 0.2268523397727306 0.7775935695556145 0.2268523397727306 0.7905958238032748 0.21903640828457108 0.7905958238032748
0 0.1332348492812201 0.8244945580918174 0.14174553023499378 0.8244945580918174 0.14174553023499378 0.8330853332197357 0.1332348492812201 0.8330853332197357
0 0.15425102061604898 0.8279773047652977 0.1610248279057872 0.8279773047652977 0.1610248279057872 0.838425544785739 0.15425102061604898 0.838425544785739
0 0.17457244248526368 0.8323887838850397 0.1823883739734232 0.8323887838850397 0.1823883739734232 0.8419082914592194 0.17457244248526368 0.8419082914592194
0 0.19315699069044295 0.8351749812238239 0.20184135901062014 0.8351749812238239 0.20184135901062014 0.8433013901286117 0.19315699069044295 0.8433013901286117
0 0.2056624810714981 0.8398186434551314 0.21399947465886823 0.8398186434551314 0.21399947465886823 0.8477128692483534 0.2056624810714981 0.8477128692483534
0 0.24526320061150628 0.8372646292279122 0.25360019419887647 0.8372646292279122 0.25360019419887647 0.8460875874673959 0.24526320061150628 0.8460875874673959
