0 0.454632395832475 0.3083413241456158 0.4618095597334479 0.3083413241456158 0.4618095597334479 0.3181275544677921 0.454632395832475 0.3181275544677921
0 0.4738671950870824 0.3083413241456158 0.4809008157100359 0.3083413241456158 0.4809008157100359 0.31678434638435615 0.4738671950870824 0.31678434638435615
0 0.49425034056584544 0.30987641909811403 0.5030064805250325 0.30987641909811403 0.5030064805250325 0.31851132820591677 0.49425034056584544 0.31851132820591677
0 0.511331990650161 0.30949264535998944 0.5189397843851923 0.30949264535998944 0.5189397843851923 0.32043019689653957 0.511331990650161 0.32043019689653957
0 0.5302797033487295 0.31045207970530087 0.5393229298639554 0.31045207970530087 0.5393229298639554 0.31870321507497895 0.5302797033487295 0.31870321507497895
0 0.45822097778296145 0.37204776467429307 0.46625940135205113 0.37204776467429307 0.46625940135205113 0.3804907869130334 0.45822097778296145 0.3804907869130334
0 0.4849200274945807 0.3660992717333624 0.4909488451713979 0.3660992717333624 0.4909488451713979 0.37511795457928965 0.4849200274945807 0.37511795457928965
0 0.5077434086996745 0.36533172425711324 0.5152076591566863 0.36533172425711324 0.5152076591566863 0.37415852023397816 0.5077434086996745 0.37415852023397816
0 0.5291313571245738 0.3603426656614939 0.5354472613574298 0.3603426656614939 0.5354472613574298 0.37051266972179486 0.5291313571245738 0.37051266972179486
0 0.5502322189934341 0.3620696474830545 0.557696469450446 0.3620696474830545 0.557696469450446 0.3697451222455457 0.5502322189934341 0.3697451222455457
0 0.4602305836752339 0.47029384163418103 0.4689867236344208 0.47029384163418103 0.4689867236344208 0.48084761943260634 0.4602305836752339 0.48084761943260634
0 0.48664254683081426 0.4733640315391774 0.4958293166240595 0.4733640315391774 0.4958293166240595 0.48084761943260634 0.48664254683081426 0.48084761943260634
0 0.5126238801523362 0.47643422144417397 0.5209493902774647 0.47643422144417397 0.5209493902774647 0.4869879992425994 0.5126238801523362 0.4869879992425994
0 0.5450646609847336 0.4720208234557415 0.5525289114417454 0.4720208234557415 0.5525289114417454 0.48161516690885553 0.5450646609847336 0.48161516690885553
0 0.567744498911808 0.472404597193866 0.5766441821490145 0.472404597193866 0.5766441821490145 0.4793125244801082 0.567744498911808 0.4793125244801082
0 0.4860683737187363 0.529011223567239 0.4952551435119816 0.529011223567239 0.4952551435119816 0.5391812276275398 0.4860683737187363 0.5391812276275398
0 0.5081740385337329 0.5245978255788064 0.5163560053808419 0.5245978255788064 0.5163560053808419 0.5363029245916056 0.5081740385337329 0.5363029245916056
0 0.5325763957970407 0.5192249932450625 0.5409019059221692 0.5192249932450625 0.5409019059221692 0.5307382053887993 0.5325763957970407 0.5307382053887993
0 0.552098281607687 0.5176898982925644 0.5612850514009324 0.5176898982925644 0.5612850514009324 0.5309300922578616 0.552098281607687 0.5309300922578616
0 0.45491948238851393 0.6180467308121371 0.46353207906968147 0.6180467308121371 0.46353207906968147 0.6276410742652513 0.45491948238851393 0.6276410742652513
0 0.4817620753781526 0.6205412601099468 0.48850860944506713 0.6205412601099468 0.48850860944506713 0.6318625853846214 0.4817620753781526 0.6318625853846214
0 0.5080304952557134 0.6184305045502618 0.5146334860446086 0.6184305045502618 0.5146334860446086 0.63090315103931 0.5080304952557134 0.63090315103931
0 0.5289878138465544 0.6142089934308915 0.5380310403617802 0.6142089934308915 0.5380310403617802 0.6253384318365038 0.5289878138465544 0.6253384318365038
0 0.5535337143878817 0.6144008802999539 0.5621463110690492 0.6144008802999539 0.5621463110690492 0.6234195631458811 0.5535337143878817 0.6234195631458811
0 0.45491948238851393 0.6740776965783233 0.4636756223477009 0.6740776965783233 0.4636756223477009 0.6855909087220601 0.45491948238851393 0.6855909087220601
0 0.4823362484902304 0.6765722258761329 0.4912359317274368 0.6765722258761329 0.4912359317274368 0.6848233612458109 0.4823362484902304 0.6848233612458109
0 0.506020889363441 0.6815612844717521 0.5133415965424334 0.6815612844717521 0.5133415965424334 0.6917312885320529 0.506020889363441 0.6917312885320529
0 0.5308538764608073 0.6756127915308214 0.5390358433079165 0.6756127915308214 0.5390358433079165 0.6846314743767486 0.5308538764608073 0.6846314743767486
0 0.554251430777979 0.6742695834473855 0.5632946572932049 0.6742695834473855 0.5632946572932049 0.6850152481148731 0.554251430777979 0.6850152481148731
0 0.46611585807403166 0.7813424563841384 0.4731494786969851 0.7813424563841384 0.4731494786969851 0.7918962341825637 0.46611585807403166 0.7918962341825637
0 0.4926713645076315 0.7840288725510104 0.5014275044668184 0.7840288725510104 0.5014275044668184 0.7940069897422488 0.4926713645076315 0.7940069897422488
0 0.521667106667562 0.7817262301222628 0.530423246626749 0.7817262301222628 0.530423246626749 0.7940069897422488 0.521667106667562 0.7940069897422488
0 0.5450646609847337 0.7798073614316401 0.5528159979977845 0.7798073614316401 0.5528159979977845 0.7892098180156918 0.5450646609847337 0.7892098180156918
0 0.5653042631854773 0.7840288725510104 0.5740604031446642 0.7840288725510104 0.5740604031446642 0.793431329135062 0.5653042631854773 0.793431329135062
0 0.46094830006533116 0.8360302140668884 0.4679819206882847 0.8360302140668884 0.4679819206882847 0.8456245575200024 0.46094830006533116 0.8456245575200024
0 0.515064115878667 0.8360302140668884 0.5259734050081457 0.8360302140668884 0.5259734050081457 0.8437056888293795 0.515064115878667 0.8437056888293795
0 0.5427679685364223 0.8337275716381409 0.5486532429352201 0.8337275716381409 0.5486532429352201 0.8450488969128156 0.5427679685364223 0.8450488969128156
0 0.5624333976250881 0.8320005898165804 0.5698976480820999 0.8320005898165804 0.5698976480820999 0.8423624807459438 0.5624333976250881 0.8423624807459438
0 0.5826729998258318 0.8321924766856427 0.5912855965069993 0.8321924766856427 0.5912855965069993 0.8410192726625076 0.5826729998258318 0.8410192726625076
