0 0.14278908587805927 0.019410508126864096 0.15024027389677136 0.019410508126864096 0.15024027389677136 0.028604959344852354 0.14278908587805927 0.028604959344852354
0 0.16533370603723935 0.019921310972307885 0.17221172574681967 0.019921310972307885 0.17221172574681967 0.02962656503573994 0.16533370603723935 0.02962656503573994
0 0.19418317759686807 0.023241529467692538 0.2010611973064485 0.023241529467692538 0.2010611973064485 0.0321805792629589 0.19418317759686807 0.0321805792629589
0 0.21653674165300424 0.01711189532236703 0.22532532239302366 0.01711189532236703 0.22532532239302366 0.027583353653964766 0.21653674165300424 0.027583353653964766
0 0.24786994255220368 0.01736729674508893 0.25627641108613525 0.01736729674508893 0.25627641108613525 0.027838755076686657 0.24786994255220368 0.027838755076686657
0 0.14489070301154217 0.07253400405301846 0.1536792837515615 0.07253400405301846 0.1536792837515615 0.08351626523005996 0.14489070301154217 0.08351626523005996
0 0.16552476214028325 0.0704907926712433 0.17985396986857566 0.0704907926712433 0.17985396986857566 0.08351626523005996 0.16552476214028325 0.08351626523005996
0 0.1913173360512096 0.07432181401207173 0.19991486068818506 0.07432181401207173 0.19991486068818506 0.08785808941633222 0.1913173360512096 0.08785808941633222
0 0.21481723672560918 0.07125699693940898 0.22742693952650647 0.07125699693940898 0.22742693952650647 0.08198385669372861 0.21481723672560918 0.08198385669372861
0 0.24615043762480862 0.07023539124852139 0.25245528902525727 0.07023539124852139 0.25245528902525727 0.07917444104378775 0.24615043762480862 0.07917444104378775
0 0.1392284948667866 0.16114352244859861 0.1466496823403926 0.16114352244859861 0.1466496823403926 0.17106407357911851 0.1392284948667866 0.17106407357911851
0 0.1704922208194246 0.16156567356053564 0.17649232984063798 0.16156567356053564 0.17649232984063798 0.17148622469105554 0.1704922208194246 0.17148622469105554
0 0.19307157845188538 0.15987706911278754 0.2020717419837054 0.15987706911278754 0.2020717419837054 0.169586544687339 0.19307157845188538 0.169586544687339
0 0.22133524989391673 0.16620933579184283 0.22923013018498692 0.16620933579184283 0.22923013018498692 0.18077354915366994 0.22133524989391673 0.18077354915366994
0 0.1404916757133578 0.21834499811606456 0.14854445361024943 0.21834499811606456 0.14854445361024943 0.22615479368689942 0.1404916757133578 0.22615479368689942
0 0.16496580461567548 0.21750069589219048 0.17222909448346008 0.21750069589219048 0.17222909448346008 0.2265769447988364 0.16496580461567548 0.2265769447988364
0 0.202703332406991 0.22615479368689942 0.2102824174864184 0.22615479368689942 0.2102824174864184 0.23417566481370275 0.202703332406991 0.23417566481370275
0 0.23207228708977218 0.21792284700412756 0.23965137216919954 0.21792284700412756 0.23965137216919954 0.22868770035852143 0.23207228708977218 0.22868770035852143
0 0.24659886682534135 0.1636764291202207 0.2549674399338758 0.1636764291202207 0.2549674399338758 0.17634096247833125 0.24659886682534135 0.17634096247833125
0 0.26175703698419617 0.22298866034737178 0.26838873642869504 0.22298866034737178 0.26838873642869504 0.23501996703757672 0.26175703698419617 0.23501996703757672
0 0.13855309908378804 0.3205924804402067 0.14529963315070255 0.3205924804402067 0.14529963315070255 0.33037871076238307 0.13855309908378804 0.33037871076238307
0 0.16080230717680408 0.3213600279164559 0.1682665576338159 0.3213600279164559 0.1682665576338159 0.3309543713695699 0.16080230717680408 0.3309543713695699
0 0.18305151526982008 0.31790606427333473 0.19209474178504596 0.31790606427333473 0.19209474178504596 0.32769229459551114 0.18305151526982008 0.32769229459551114
0 0.2183631616626068 0.32385455721426554 0.22697575834377423 0.32385455721426554 0.22697575834377423 0.3378622986558121 0.2183631616626068 0.3378622986558121
0 0.13769183941567129 0.3674128764914032 0.14529963315070255 0.3674128764914032 0.14529963315070255 0.3781585411588909 0.13769183941567129 0.3781585411588909
0 0.16223773995699864 0.3716343876107735 0.16841010091183534 0.3716343876107735 0.16841010091183534 0.38238005227826116 0.16223773995699864 0.38238005227826116
0 0.183338601825859 0.3712506138726489 0.1939608043992989 0.3712506138726489 0.1939608043992989 0.3816125048020121 0.183338601825859 0.3816125048020121
0 0.20845867547926422 0.36779665022952784 0.2156358393802371 0.36779665022952784 0.2156358393802371 0.379501749242327 0.20845867547926422 0.379501749242327
0 0.22970308062614397 0.3712506138726489 0.23845922058533092 0.3712506138726489 0.23845922058533092 0.3819962785401366 0.22970308062614397 0.3819962785401366
0 0.25252646183123784 0.32347078347614094 0.2601342555662692 0.32347078347614094 0.2601342555662692 0.335751543096127 0.25252646183123784 0.335751543096127
0 0.13026060391260397 0.4725496109193177 0.13755547330155282 0.4725496109193177 0.13755547330155282 0.4823013016050628 0.13026060391260397 0.4823013016050628
0 0.15214521207945056 0.4716208784730562 0.1597874562012065 0.4716208784730562 0.1597874562012065 0.4799794704894093 0.15214521207945056 0.4799794704894093
0 0.17368244551349007 0.4716208784730562 0.18149837700164959 0.4716208784730562 0.18149837700164959 0.4799794704894093 0.17368244551349007 0.4799794704894093
0 0.19591442841314374 0.472781794030883 0.20338298516849618 0.472781794030883 0.20338298516849618 0.4829978509397589 0.19591442841314374 0.4829978509397589
0 0.22196753337367542 0.47487144203497134 0.23030452696104556 0.47487144203497134 0.23030452696104556 0.4827656678281935 0.22196753337367542 0.4827656678281935
0 0.13269222704225359 0.5254873603562198 0.1406818458968166 0.5254873603562198 0.1406818458968166 0.5336137692610073 0.13269222704225359 0.5336137692610073
0 0.15700845833874982 0.5303632056990923 0.16412964036129513 0.5303632056990923 0.16412964036129513 0.5408114457195334 0.15700845833874982 0.5408114457195334
0 0.17976150333761415 0.5245586279099583 0.18566687379533467 0.5245586279099583 0.18566687379533467 0.5357034172650956 0.17976150333761415 0.5357034172650956
0 0.1999092378404253 0.5247908110215237 0.20824623142779544 0.5247908110215237 0.20824623142779544 0.5345425017072688 0.1999092378404253 0.5345425017072688
0 0.2275255290985889 0.5273448252487426 0.23673095951797674 0.5273448252487426 0.23673095951797674 0.5382574314923146 0.2275255290985889 0.5382574314923146
0 0.1304342912790075 0.6206824360980174 0.1385975974999741 0.6206824360980174 0.1385975974999741 0.6290410281143705 0.1304342912790075 0.6290410281143705
0 0.15527158467471436 0.6181284218707985 0.1616980172316455 0.6181284218707985 0.1616980172316455 0.6297375774490664 0.15527158467471436 0.6297375774490664
0 0.17281400868147237 0.6188249712054946 0.1816720643680531 0.6188249712054946 0.1816720643680531 0.6302019436721972 0.17281400868147237 0.6302019436721972
0 0.20529354619893522 0.6250939152177593 0.21397791451911244 0.6250939152177593 0.21397791451911244 0.6334525072341123 0.20529354619893522 0.6334525072341123
0 0.23742570898359092 0.6237008165483672 0.24524164047175043 0.6237008165483672 0.24524164047175043 0.6346134227919392 0.23742570898359092 0.6346134227919392
0 0.13477647543909613 0.6729236362002234 0.14346084375927334 0.6729236362002234 0.14346084375927334 0.6849971580016223 0.13477647543909613 0.6849971580016223
0 0.15197152471304703 0.6559742690559521 0.15926639410199592 0.6559742690559521 0.15926639410199592 0.6673512415226548 0.15197152471304703 0.6673512415226548
0 0.181324689635246 0.6694408895267431 0.19087749478744098 0.6694408895267431 0.19087749478744098 0.6780316646546614 0.181324689635246 0.6780316646546614
0 0.21033047982463798 0.6719949037539619 0.2171042871143762 0.6719949037539619 0.2171042871143762 0.6840684255553607 0.21033047982463798 0.6840684255553607
0 0.23221508799148455 0.66758342463422 0.2408994563116618 0.66758342463422 0.2408994563116618 0.6819787775512726 0.23221508799148455 0.6819787775512726
0 0.13185536973140016 0.7723142311127638 0.1382495702977215 0.7723142311127638 0.1382495702977215 0.7822574597823545 0.13185536973140016 0.7822574597823545
0 0.14829759975908355 0.7791174928340626 0.15469180032540486 0.7791174928340626 0.15469180032540486 0.7909795901942763 0.14829759975908355 0.7909795901942763
0 0.13263833306605174 0.822379259677195 0.14164241141454503 0.822379259677195 0.14164241141454503 0.8337180292126937 0.13263833306605174 0.8337180292126937
0 0.15443081254718768 0.8284847509655404 0.16173847033726918 0.8284847509655404 0.16173847033726918 0.8386024222433698 0.15443081254718768 0.8386024222433698
0 0.1685241525709163 0.7782452797928705 0.1772672431411924 0.7782452797928705 0.1772672431411924 0.788014065854223 0.1685241525709163 0.788014065854223
0 0.19762428984213373 0.7756286406692939 0.20610639263419267 0.7756286406692939 0.20610639263419267 0.7853974267306463 0.19762428984213373 0.7853974267306463
0 0.17557082258278062 0.8312758326973554 0.1823565048164277 0.8312758326973554 0.1823565048164277 0.8410446187587077 0.17557082258278062 0.8410446187587077
0 0.19331799150155 0.835113570078601 0.2019305881827175 0.835113570078601 0.2019305881827175 0.8424401596246153 0.19331799150155 0.8424401596246153
0 0.20649787430151847 0.8389513074598467 0.21367503820249134 0.8389513074598467 0.21367503820249134 0.8474989952635301 0.20649787430151847 0.8474989952635301
0 0.21941676932326967 0.7792919354423012 0.22698541489156834 0.7792919354423012 0.22698541489156834 0.7897584919366073 0.21941676932326967 0.7897584919366073
0 0.24538505325588075 0.836683553552747 0.253084192713288 0.836683553552747 0.253084192713288 0.8464523396140996 0.24538505325588075 0.8464523396140996
