0 0.45315982381287173 0.3151137140607646 0.4597628146017668 0.3151137140607646 0.4597628146017668 0.32470805751387866 0.45315982381287173 0.32470805751387866
0 0.4722510797894597 0.3162650352751383 0.47928470041241317 0.3162650352751383 0.47928470041241317 0.3241323969066918 0.4722510797894597 0.3241323969066918
0 0.49306485510228115 0.3162650352751383 0.49981138916919565 0.3162650352751383 0.49981138916919565 0.3241323969066918 0.49306485510228115 0.3241323969066918
0 0.5104335917426356 0.3181839039657611 0.5161753228634139 0.3181839039657611 0.5161753228634139 0.3264350393354392 0.5104335917426356 0.3264350393354392
0 0.5296683909972429 0.3172244696204497 0.5375632712883132 0.3172244696204497 0.5375632712883132 0.3260512655973146 0.5296683909972429 0.3260512655973146
0 0.45646131920731925 0.3797795889347533 0.46521745916650625 0.3797795889347533 0.46521745916650625 0.38745506369724453 0.45646131920731925 0.38745506369724453
0 0.48272973908488015 0.37363920912476023 0.48976335970783363 0.37363920912476023 0.48976335970783363 0.3816984576253761 0.48272973908488015 0.3816984576253761
0 0.5058402068460129 0.37287166164851115 0.5133044573030249 0.37287166164851115 0.5133044573030249 0.3811227970181893 0.5058402068460129 0.3811227970181893
0 0.5285200447730873 0.3684582636600787 0.533687602781788 0.3684582636600787 0.533687602781788 0.3770931727678814 0.5285200447730873 0.3770931727678814
0 0.5497644499199671 0.36941769800539004 0.5567980705429205 0.36941769800539004 0.5567980705429205 0.3769012858988191 0.5497644499199671 0.3769012858988191
0 0.45832738182157223 0.4782175527637034 0.46722706505877865 0.4782175527637034 0.46722706505877865 0.48666057500244375 0.45832738182157223 0.48666057500244375
0 0.4853135180892304 0.4810958557996376 0.49392611477039783 0.4810958557996376 0.49392611477039783 0.48857944369306655 0.4853135180892304 0.48857944369306655
0 0.510577135020655 0.48416604570463406 0.5189026451457837 0.48416604570463406 0.5189026451457837 0.4933766154196236 0.510577135020655 0.4933766154196236
0 0.543448545687111 0.47956076084713933 0.5504821663100645 0.47956076084713933 0.5504821663100645 0.4885794436930665 0.543448545687111 0.4885794436930665
0 0.565697753780127 0.48032830832338846 0.5750280668513919 0.48032830832338846 0.5750280668513919 0.48666057500244386 0.565697753780127 0.48666057500244386
0 0.4850264315331916 0.5384700296492596 0.4932083983803006 0.5384700296492596 0.4932083983803006 0.5449941831973771 0.4850264315331916 0.5449941831973771
0 0.5072756396262076 0.5329053104464535 0.5145963468052 0.5329053104464535 0.5145963468052 0.5430753145067543 0.5072756396262076 0.5430753145067543
0 0.5318215401675349 0.5284919124580211 0.5397164204586051 0.5284919124580211 0.5397164204586051 0.5384700296492596 0.5318215401675349 0.5384700296492596
0 0.552204685646298 0.5269568175055227 0.559094762991232 0.5269568175055227 0.559094762991232 0.5367430478276992 0.552204685646298 0.5367430478276992
0 0.4540210834809885 0.6255866682035353 0.4614853339380004 0.6255866682035353 0.4614853339380004 0.6344134641804001 0.4540210834809885 0.6344134641804001
0 0.4810072197486467 0.6280811975013448 0.48689249414744445 0.6280811975013448 0.48689249414744445 0.6380593146925835 0.4810072197486467 0.6380593146925835
0 0.5056966635679935 0.6273136500250956 0.5128738274689664 0.6273136500250956 0.5128738274689664 0.6382512015616457 0.5056966635679935 0.6382512015616457
0 0.5288071313291263 0.6221327045604141 0.5358407519520798 0.6221327045604141 0.5358407519520798 0.6301919530610299 0.5288071313291263 0.6301919530610299
0 0.5527788587583757 0.6219408176913519 0.5600995659373681 0.6219408176913519 0.5600995659373681 0.6305757267991545 0.5527788587583757 0.6305757267991545
0 0.45387754020296905 0.6831527289222195 0.46134179065998093 0.6831527289222195 0.46134179065998093 0.6919795248990844 0.45387754020296905 0.6919795248990844
0 0.481437849582705 0.6843040501365931 0.48861501348367786 0.6843040501365931 0.48861501348367786 0.6915957511609597 0.481437849582705 0.6915957511609597
0 0.5056966635679935 0.6898687693393994 0.5111513081327328 0.6898687693393994 0.5111513081327328 0.6990793390543888 0.5056966635679935 0.6990793390543888
0 0.5299554775532819 0.6839202763984688 0.5372761847322742 0.6839202763984688 0.5372761847322742 0.6921714117681467 0.5299554775532819 0.6921714117681467
0 0.5539272049825313 0.6823851814459703 0.5611043688835043 0.6823851814459703 0.5611043688835043 0.6915957511609598 0.5539272049825313 0.6915957511609598
0 0.4647868293324479 0.7902256018589722 0.47153336339936247 0.7902256018589722 0.47153336339936247 0.799052397835837 0.4647868293324479 0.799052397835837
0 0.49206005215614496 0.7929120180258441 0.5003855622812736 0.7929120180258441 0.5003855622812736 0.8003956059192732 0.49206005215614496 0.8003956059192732
0 0.5204816212039978 0.7904174887280344 0.5273716985489317 0.7904174887280344 0.5273716985489317 0.799628058443024 0.5204816212039978 0.799628058443024
0 0.5457452381354223 0.7884986200374117 0.5526353154803564 0.7884986200374117 0.5526353154803564 0.798284850359588 0.5457452381354223 0.798284850359588
0 0.5668461000042827 0.7906093755970968 0.5738797206272361 0.7906093755970968 0.5738797206272361 0.7992442847048996 0.5668461000042827 0.7992442847048996
0 0.45890155493365015 0.8445295858035977 0.4667964352247203 0.8445295858035977 0.4667964352247203 0.8520131736970267 0.45890155493365015 0.8520131736970267
0 0.5150269766392583 0.8439539251964109 0.5234960300424063 0.8439539251964109 0.5234960300424063 0.851629399958902 0.5150269766392583 0.851629399958902
0 0.5408647666827608 0.8424188302439125 0.5471806709156168 0.8424188302439125 0.5471806709156168 0.8520131736970267 0.5408647666827608 0.8520131736970267
0 0.5621091718296406 0.8422269433748504 0.568137989506458 0.8422269433748504 0.568137989506458 0.8495186443992169 0.5621091718296406 0.8495186443992169
0 0.5827794038644426 0.8391567534698539 0.5895259379313571 0.8391567534698539 0.5895259379313571 0.8493267575301546 0.5827794038644426 0.8493267575301546
