0 0.4489191072380629 0.3134859632714627 0.45623981441705524 0.3134859632714627 0.45623981441705524 0.3225046461173899 0.4489191072380629 0.3225046461173899
0 0.46887162288276757 0.313677850140525 0.4753310703936432 0.313677850140525 0.4753310703936432 0.3217370986411408 0.46887162288276757 0.3217370986411408
0 0.48997248475162797 0.31482917135489874 0.49714964865260086 0.31482917135489874 0.49714964865260086 0.3217370986411408 0.48997248475162797 0.3217370986411408
0 0.5063364184458462 0.31617237943833465 0.5126523226787022 0.31617237943833465 0.5126523226787022 0.32423162793895044 0.5063364184458462 0.32423162793895044
0 0.5271501937586676 0.3144453976167741 0.5337531845475627 0.3144453976167741 0.5337531845475627 0.3236559673317636 0.5271501937586676 0.3236559673317636
0 0.4537995786907245 0.3768086300620154 0.46097674259169746 0.3768086300620154 0.46097674259169746 0.38544353916981816 0.4537995786907245 0.38544353916981816
0 0.47935028217818804 0.37239523207358294 0.4859532729670831 0.37239523207358294 0.4859532729670831 0.38026259370513643 0.47935028217818804 0.38026259370513643
0 0.5033220096074376 0.36951692903764877 0.5096379138402937 0.36951692903764877 0.5096379138402937 0.37872749875263817 0.5033220096074376 0.37872749875263817
0 0.5238486983642201 0.3660629653945277 0.5305952324311345 0.3660629653945277 0.5305952324311345 0.3746978745023304 0.5238486983642201 0.3746978745023304
0 0.5455237333451582 0.36740617347796367 0.5524138106900922 0.36740617347796367 0.5524138106900922 0.3745059876332681 0.5455237333451582 0.3745059876332681
0 0.45580918458299685 0.4758222544981524 0.4632734350400087 0.4758222544981524 0.4632734350400087 0.48426527673689274 0.45580918458299685 0.48426527673689274
0 0.4813598880704603 0.47870055753408663 0.48997248475162786 0.47870055753408663 0.48997248475162786 0.48580037168939105 0.4813598880704603 0.48580037168939105
0 0.5070541348359434 0.4819626343081454 0.5149490151270135 0.4819626343081454 0.5149490151270135 0.49098131715407256 0.5070541348359434 0.49098131715407256
0 0.5399255455023992 0.4769735757125261 0.5466720795693139 0.4769735757125261 0.5466720795693139 0.48656791916564013 0.5399255455023992 0.48656791916564013
0 0.5634666430975904 0.4773573494506508 0.5705002637205439 0.4773573494506508 0.5705002637205439 0.4831139555225191 0.5634666430975904 0.4831139555225191
0 0.48179051790451877 0.5339639758240236 0.4891112250835111 0.5339639758240236 0.4891112250835111 0.5429826586699507 0.48179051790451877 0.5429826586699507
0 0.5036090961634764 0.5314694465262139 0.5113604331765271 0.5314694465262139 0.5113604331765271 0.5397205818958919 0.5036090961634764 0.5397205818958919
0 0.5278679101487648 0.5255209535852832 0.5354757038837963 0.5255209535852832 0.5354757038837963 0.5347315233002726 0.5278679101487648 0.5347315233002726
0 0.5485381421835668 0.5241777455018471 0.5549975896944424 0.5241777455018471 0.5549975896944424 0.5341558626930858 0.5485381421835668 0.5341558626930858
0 0.45021099674023796 0.623767030545171 0.45753170391923037 0.623767030545171 0.45753170391923037 0.6320181659148492 0.45021099674023796 0.6320181659148492
0 0.47676650317383773 0.6253021254976693 0.4826517775726355 0.6253021254976693 0.4826517775726355 0.6354721295579702 0.47676650317383773 0.6354721295579702
0 0.5018865768272429 0.6231913699379842 0.5090637407282159 0.6231913699379842 0.5090637407282159 0.6358559032960946 0.5018865768272429 0.6358559032960946
0 0.5245664147543173 0.6193536325567386 0.5320306652113291 0.6193536325567386 0.5320306652113291 0.6285642022717282 0.5245664147543173 0.6285642022717282
0 0.5476768825154501 0.6191617456876763 0.5570071955867149 0.6191617456876763 0.5570071955867149 0.6283723154026658 0.5476768825154501 0.6283723154026658
0 0.45021099674023796 0.6801817700494817 0.4579623337532887 0.6801817700494817 0.4579623337532887 0.6895842266335331 0.45021099674023796 0.6895842266335331
0 0.4770535897298766 0.6813330912638552 0.4848049267429274 0.6813330912638552 0.4848049267429274 0.6890085660263463 0.4770535897298766 0.6890085660263463
0 0.5020301201052624 0.686514036728537 0.5071976781139629 0.686514036728537 0.5071976781139629 0.6968759276579001 0.5020301201052624 0.6968759276579001
0 0.5261453908125313 0.681141204394793 0.5330354681574654 0.681141204394793 0.5330354681574654 0.6897761135025957 0.5261453908125313 0.6897761135025957
0 0.5489687720176253 0.6778791276207343 0.557007195586715 0.6778791276207343 0.557007195586715 0.6888166791572844 0.5489687720176253 0.6888166791572844
0 0.46097674259169735 0.7874465298552966 0.4675797333805925 0.7874465298552966 0.4675797333805925 0.7964652127012238 0.46097674259169735 0.7964652127012238
0 0.48609681624510254 0.7905167197602933 0.4958577591504257 0.7905167197602933 0.4958577591504257 0.7980003076537222 0.48609681624510254 0.7980003076537222
0 0.516958621019286 0.7895572854149817 0.5235616118081812 0.7895572854149817 0.5235616118081812 0.7966570995702862 0.516958621019286 0.7966570995702862
0 0.5419351513946719 0.7857195480337361 0.5483945989055474 0.7857195480337361 0.5483945989055474 0.7955057783559125 0.5419351513946719 0.7955057783559125
0 0.5621747535954155 0.788405964200608 0.570213177164505 0.788405964200608 0.570213177164505 0.7970408733084108 0.5621747535954155 0.7970408733084108
0 0.45523501147091916 0.841750513799922 0.46269926192793087 0.841750513799922 0.46269926192793087 0.8500016491696001 0.45523501147091916 0.8500016491696001
0 0.5110733466204882 0.8407910794546107 0.5204036596917531 0.8407910794546107 0.5204036596917531 0.8494259885624134 0.5110733466204882 0.8494259885624134
0 0.5364805068299324 0.8402154188474238 0.5432270408968468 0.8402154188474238 0.5432270408968468 0.8490422148242888 0.5364805068299324 0.8490422148242888
0 0.557007195586715 0.8377208895496141 0.5633230998195712 0.8377208895496141 0.5633230998195712 0.8475071198717904 0.557007195586715 0.8475071198717904
0 0.5781080574555753 0.838296550156801 0.5860029377466456 0.838296550156801 0.5860029377466456 0.8467395723955413 0.5781080574555753 0.8467395723955413
