0 0.4493085146551729 0.3129005237582757 0.45641390691713607 0.3129005237582757 0.45641390691713607 0.32345430155670113 0.4493085146551729 0.32345430155670113
0 0.468887817777027 0.31353375042618126 0.4755195172215259 0.31353375042618126 0.4755195172215259 0.3219767726649216 0.468887817777027 0.3219767726649216
0 0.4898881993512738 0.31374482598214976 0.4965198987957727 0.31374482598214976 0.4965198987957727 0.3217656971089531 0.4898881993512738 0.3217656971089531
0 0.5058358575392357 0.31374482598214976 0.5129412498011987 0.31374482598214976 0.5129412498011987 0.32493183044848073 0.5058358575392357 0.32493183044848073
0 0.525573058266911 0.31374482598214976 0.5337837337696241 0.31374482598214976 0.5337837337696241 0.32408752822460674 0.525573058266911 0.32408752822460674
0 0.4534138524065294 0.3764342661047969 0.46067714227431406 0.3764342661047969 0.46067714227431406 0.38551051501144284 0.4534138524065294 0.38551051501144284
0 0.47930905976123966 0.3711573772055842 0.48546706638827447 0.3711573772055842 0.48546706638827447 0.3802336261122301 0.47930905976123966 0.3802336261122301
0 0.5031515982402717 0.36967984831380474 0.509151707261485 0.36967984831380474 0.509151707261485 0.3783339461085135 0.5031515982402717 0.3783339461085135
0 0.5232045941795901 0.36545833719443443 0.5303099864415532 0.36545833719443443 0.5303099864415532 0.37516781276898586 0.5232045941795901 0.37516781276898586
0 0.5457839518120507 0.3677801683100881 0.5524156512565498 0.3677801683100881 0.5524156512565498 0.3745345861010803 0.5457839518120507 0.3745345861010803
0 0.4560981117054933 0.4750065507420908 0.46241401593834947 0.4750065507420908 0.46241401593834947 0.4840827996487366 0.4560981117054933 0.4840827996487366
0 0.48230911427184636 0.4771173063017757 0.48925660892798817 0.4771173063017757 0.48925660892798817 0.48577140409648456 0.48230911427184636 0.48577140409648456
0 0.5078885264149138 0.4800723640853349 0.514993918676877 0.4800723640853349 0.514993918676877 0.49147044410763446 0.5078885264149138 0.49147044410763446
0 0.5399417403966589 0.4754287018540276 0.5467313374469792 0.4754287018540276 0.5467313374469792 0.48703785743229566 0.5399417403966589 0.48703785743229566
0 0.563468483664048 0.47669515518983874 0.5705738759260113 0.47669515518983874 0.5705738759260113 0.48387172409276813 0.563468483664048 0.48387172409276813
0 0.48104593342527513 0.5341077064132732 0.4890987113221668 0.5341077064132732 0.4890987113221668 0.5425507286520136 0.48104593342527513 0.5425507286520136
0 0.5037831886635573 0.530730497517777 0.5104148881080564 0.530730497517777 0.5104148881080564 0.5395956708684544 0.5037831886635573 0.5395956708684544
0 0.5284152151716964 0.5250314575066273 0.5350469146161954 0.5250314575066273 0.5350469146161954 0.5345298575252103 0.5284152151716964 0.5345298575252103
0 0.5481524158993718 0.5246093063946903 0.5549420129496921 0.5246093063946903 0.5549420129496921 0.5332634041893992 0.5481524158993718 0.5332634041893992
0 0.4504137978959227 0.6242369688118266 0.45736129255206437 0.6242369688118266 0.45736129255206437 0.6316246132707244 0.4504137978959227 0.6316246132707244
0 0.4763090052506329 0.6252923465916691 0.4832564999067747 0.6252923465916691 0.4832564999067747 0.6364793510580001 0.4763090052506329 0.6364793510580001
0 0.5014147245762361 0.6246591199237636 0.509151707261485 0.6246591199237636 0.509151707261485 0.6362682755020316 0.5014147245762361 0.6362682755020316
0 0.5243098774203397 0.6193822310245508 0.5318889624997671 0.6193822310245508 0.5318889624997671 0.6286695554871653 0.5243098774203397 0.6286695554871653
0 0.5489419039284789 0.6189600799126138 0.556520989007906 0.6189600799126138 0.556520989007906 0.6293027821550707 0.5489419039284789 0.6293027821550707
0 0.4505716955017441 0.6805941422554186 0.45751919015788584 0.6805941422554186 0.45751919015788584 0.6894593156060959 0.4505716955017441 0.6894593156060959
0 0.4764669028564543 0.6814384444792925 0.4846775783591673 0.6814384444792925 0.4846775783591673 0.6894593156060959 0.4764669028564543 0.6894593156060959
0 0.5015726221820576 0.6877707111583478 0.5074148335974494 0.6877707111583478 0.5074148335974494 0.6957915822851511 0.5015726221820576 0.6957915822851511
0 0.5263625462960181 0.6822827467031665 0.5328363481346956 0.6822827467031665 0.5328363481346956 0.6892482400501272 0.5263625462960181 0.6892482400501272
0 0.5500471871692286 0.6803830666994499 0.5571525794311918 0.6803830666994499 0.5571525794311918 0.6890371644941589 0.5500471871692286 0.6890371644941589
0 0.4605192446684926 0.786976222463547 0.4687299201712056 0.786976222463547 0.4687299201712056 0.7973189247060041 0.4605192446684926 0.7973189247060041
0 0.48767763286977406 0.7884537513553266 0.4954146155550229 0.7884537513553266 0.4954146155550229 0.7983743024858464 0.48767763286977406 0.7983743024858464
0 0.5175202803700195 0.7888759024672636 0.5236782869970542 0.7888759024672636 0.5236782869970542 0.7983743024858463 0.5175202803700195 0.7983743024858463
0 0.5418365116665157 0.7861319202396728 0.5483103135051932 0.7861319202396728 0.5483103135051932 0.7956303202582559 0.5418365116665157 0.7956303202582559
0 0.5629947908465839 0.7882426757993579 0.5693106950794401 0.7882426757993579 0.5693106950794401 0.7975300002619724 0.5629947908465839 0.7975300002619724
0 0.45451913564727925 0.8416447914593906 0.4627298111499923 0.8416447914593906 0.4627298111499923 0.8496656625861941 0.45451913564727925 0.8496656625861941
0 0.5116780689546275 0.8418558670153593 0.5198887444573405 0.8418558670153593 0.5198887444573405 0.8494545870302258 0.5116780689546275 0.8494545870302258
0 0.5367837882802308 0.8408004892355169 0.5432575901189083 0.8408004892355169 0.5432575901189083 0.8488213603623201 0.5367837882802308 0.8488213603623201
0 0.5571525794311919 0.8374232803400207 0.5634684836640479 0.8374232803400207 0.5634684836640479 0.847132755914572 0.5571525794311919 0.847132755914572
0 0.5778371657937957 0.8365789781161468 0.5863636365081516 0.8365789781161468 0.5863636365081516 0.847132755914572 0.5778371657937957 0.847132755914572
