0 0.4531171004370009 0.3162747301498665 0.45977228878153936 0.3162747301498665 0.45977228878153936 0.3246479753453115 0.4531171004370009 0.3246479753453115
0 0.4722997021359648 0.31662361536634337 0.4794768660369377 0.31662361536634337 0.4794768660369377 0.32429909012883457 0.4722997021359648 0.32429909012883457
0 0.4943531693953179 0.3167980579745818 0.5002253944052049 0.3167980579745818 0.5002253944052049 0.3244735327370731 0.4943531693953179 0.3244735327370731
0 0.5310219522348341 0.3181935988404893 0.5379381283575898 0.3181935988404893 0.5379381283575898 0.3249968605617883 0.5310219522348341 0.3249968605617883
0 0.4563794476647158 0.3787251838992269 0.4649920443458833 0.3787251838992269 0.4649920443458833 0.3876217569193872 0.4563794476647158 0.3876217569193872
0 0.48143427437356673 0.3724452500026432 0.49069934050027725 0.3724452500026432 0.49069934050027725 0.38273736388871105 0.48143427437356673 0.38273736388871105
0 0.5055756438586574 0.3710497091367358 0.5127528077596304 0.3710497091367358 0.5127528077596304 0.38081849519808825 0.5055756438586574 0.38081849519808825
0 0.5267156538942503 0.36773529958020545 0.5341538055734404 0.36773529958020545 0.5341538055734404 0.3769807578168426 0.5267156538942503 0.3769807578168426
0 0.5487691211536034 0.3698286108790667 0.5564682606110107 0.3698286108790667 0.5564682606110107 0.37610854477565053 0.5487691211536034 0.37610854477565053
0 0.45861650440570445 0.47769467435547974 0.4665113846967747 0.47769467435547974 0.4665113846967747 0.48634877215018857 0.45861650440570445 0.48634877215018857
0 0.4853011997895218 0.48064973213903883 0.493196080080592 0.48064973213903883 0.493196080080592 0.4882484521539053 0.4853011997895218 0.4882484521539053
0 0.509617431086018 0.483182638810661 0.5186175946178381 0.483182638810661 0.5186175946178381 0.49352534105311796 0.509617431086018 0.49352534105311796
0 0.5411969522502987 0.47917220324725934 0.5505129109937618 0.47917220324725934 0.5505129109937618 0.4886706032658422 0.5411969522502987 0.4886706032658422
0 0.5666184667875449 0.4787500521353223 0.5748291422902578 0.4787500521353223 0.5748291422902578 0.48613769659422007 0.5666184667875449 0.48613769659422007
0 0.4835643261254863 0.5363736789147252 0.49366977289805614 0.5363736789147252 0.49366977289805614 0.5456610033773395 0.4835643261254863 0.5456610033773395
0 0.5318809935068359 0.5279306566759848 0.5388284881629778 0.5279306566759848 0.5388284881629778 0.5370069055826308 0.5318809935068359 0.5370069055826308
0 0.5519339894461543 0.5270863544521108 0.5591972793139388 0.5270863544521108 0.5591972793139388 0.5374290566945679 0.5519339894461543 0.5374290566945679
0 0.5069331717870541 0.5332075455751976 0.51545964250141 0.5332075455751976 0.51545964250141 0.5427059455937805 0.5069331717870541 0.5427059455937805
0 0.45324798580777675 0.6265029413132785 0.46114286609884697 0.6265029413132785 0.46114286609884697 0.6343127368841134 0.45324798580777675 0.6343127368841134
0 0.4805642716148797 0.6288247724289321 0.48656438063609303 0.6288247724289321 0.48656438063609303 0.6368456435557355 0.4805642716148797 0.6368456435557355
0 0.504880502911376 0.62629186575731 0.5129332808082675 0.62629186575731 0.5129332808082675 0.6374788702236411 0.504880502911376 0.6374788702236411
0 0.5277756557554796 0.6212260524140658 0.5363021264698352 0.6212260524140658 0.5363021264698352 0.6300912257647432 0.5277756557554796 0.6300912257647432
0 0.5528813750810828 0.6222814301939084 0.5596709721314033 0.6222814301939084 0.5596709721314033 0.6315687546565227 0.5528813750810828 0.6315687546565227
0 0.4540374738368838 0.6826490392009019 0.46130076370466844 0.6826490392009019 0.46130076370466844 0.6919363636635164 0.4540374738368838 0.6919363636635164
0 0.4808800668265225 0.6828601147568703 0.48845915190594996 0.6828601147568703 0.48845915190594996 0.6913031369956106 0.4808800668265225 0.6913031369956106
0 0.5051962981230188 0.6885591547680202 0.5116700999616964 0.6885591547680202 0.5116700999616964 0.6991129325664455 0.5051962981230188 0.6991129325664455
0 0.5299862222369792 0.683493341424776 0.5370916144989424 0.683493341424776 0.5370916144989424 0.6927806658873904 0.5299862222369792 0.6927806658873904
0 0.5528813750810828 0.6828601147568703 0.5607762553721531 0.6828601147568703 0.5607762553721531 0.6910920614396422 0.5528813750810828 0.6910920614396422
0 0.46453745401429936 0.7909600281913537 0.47223659347170666 0.7909600281913537 0.47223659347170666 0.7989843881703218 0.46453745401429936 0.7989843881703218
0 0.4584042412261952 0.8446883515287922 0.4667558501291455 0.8446883515287922 0.4667558501291455 0.8518404984665682 0.4584042412261952 0.8518404984665682
0 0.4920716646162136 0.7925300116654995 0.4999012979627295 0.7925300116654995 0.4999012979627295 0.8003799290362292 0.4920716646162136 0.8003799290362292
0 0.4895922807231503 0.8417228271887389 0.4995098162954038 0.8417228271887389 0.4995098162954038 0.852189383683045 0.4895922807231503 0.852189383683045
0 0.5207803202201052 0.7895644873254458 0.5276964963428611 0.7895644873254458 0.5276964963428611 0.7993332733867984 0.5207803202201052 0.7993332733867984
0 0.5449216897051959 0.7876456186348232 0.5522293474952774 0.7876456186348232 0.5522293474952774 0.7977632899126527 0.5449216897051959 0.7977632899126527
0 0.5660616997407889 0.7897389299336843 0.5741523208655219 0.7897389299336843 0.5741523208655219 0.79915883077856 0.5660616997407889 0.79915883077856
0 0.5146471074320011 0.8424205976216925 0.52312921022406 0.8424205976216925 0.52312921022406 0.8511427280336142 0.5146471074320011 0.8511427280336142
0 0.5398324280299606 0.8418972697969771 0.5472705797091507 0.8418972697969771 0.5472705797091507 0.8520149410748066 0.5398324280299606 0.8520149410748066
0 0.5612334258437708 0.8396295158898774 0.5689325653011781 0.8396295158898774 0.5689325653011781 0.8500960723841836 0.5612334258437708 0.8500960723841836
0 0.5822429419902551 0.8387573028486854 0.5890286242239022 0.8387573028486854 0.5890286242239022 0.8480027610853225 0.5822429419902551 0.8480027610853225
