0 0.1432236732696026 0.023752332313136327 0.14895535636091958 0.023752332313136327 0.14895535636091958 0.03320218495384647 0.1432236732696026 0.03320218495384647
0 0.1640487885013876 0.024773938004023912 0.17111786431401185 0.024773938004023912 0.17111786431401185 0.03422379064473406 0.1640487885013876 0.03422379064473406
0 0.1932803722671041 0.028604959344852354 0.199203111461465 0.028604959344852354 0.199203111461465 0.03626700202650923 0.1932803722671041 0.03626700202650923
0 0.21658921683845983 0.022730726622248745 0.2242314609602158 0.022730726622248745 0.2242314609602158 0.03013736788118372 0.21658921683845983 0.03013736788118372
0 0.24754030553157144 0.024007733735858225 0.2551825496533275 0.024007733735858225 0.2551825496533275 0.03115897357207131 0.24754030553157144 0.03115897357207131
0 0.14437000988786602 0.07585422254840311 0.15029274908222687 0.07585422254840311 0.15029274908222687 0.08785808941633222 0.14437000988786602 0.08785808941633222
0 0.16863413497444119 0.07662042681656879 0.17589426689010937 0.07662042681656879 0.17589426689010937 0.08658108230272274 0.16863413497444119 0.08658108230272274
0 0.19213403564884074 0.08096225100284102 0.20034944807972843 0.08096225100284102 0.20034944807972843 0.08709188514816653 0.19213403564884074 0.08709188514816653
0 0.2160160485293281 0.07764203250745638 0.2242314609602158 0.07764203250745638 0.2242314609602158 0.08428246949822568 0.2160160485293281 0.08428246949822568
0 0.24486552008895685 0.07355560974390604 0.2517435397985372 0.07355560974390604 0.2517435397985372 0.08326086380733809 0.24486552008895685 0.08326086380733809
0 0.1399757195178563 0.16115829773751636 0.14723585143352447 0.16115829773751636 0.14723585143352447 0.1708635518009484 0.1399757195178563 0.1708635518009484
0 0.17092680821096795 0.16141369916023823 0.1768495474053288 0.16141369916023823 0.1768495474053288 0.17188515749183597 0.17092680821096795 0.17188515749183597
0 0.19385354057623583 0.16064749489207256 0.20340634572843078 0.16064749489207256 0.20340634572843078 0.17009734753278274 0.19385354057623583 0.17009734753278274
0 0.22060139500238168 0.16652172761467615 0.22843469522718152 0.16652172761467615 0.22843469522718152 0.17648238310083014 0.22060139500238168 0.17648238310083014
0 0.24773136163461534 0.16371231196473532 0.25441832524115177 0.16371231196473532 0.25441832524115177 0.17469457314177683 0.24773136163461534 0.17469457314177683
0 0.14073994393003192 0.21913442069538672 0.14914641246396348 0.21913442069538672 0.14914641246396348 0.2252640548407122 0.14073994393003192 0.2252640548407122
0 0.15201225400962193 0.21274938512733932 0.15850816151311453 0.21274938512733932 0.15850816151311453 0.2204114278089962 0.15201225400962193 0.2204114278089962
0 0.20397951403756245 0.2265410619543217 0.21200387036540622 0.2265410619543217 0.21200387036540622 0.23369230179053482 0.20397951403756245 0.23369230179053482
0 0.23340215390632288 0.21760201215905536 0.23989806140981546 0.21760201215905536 0.23989806140981546 0.22781806906793117 0.23340215390632288 0.22781806906793117
0 0.26282479377508333 0.22373164630438092 0.26951175738161975 0.22373164630438092 0.26951175738161975 0.23369230179053482 0.26282479377508333 0.23369230179053482
0 0.13921149510568073 0.3195071798250919 0.14570740260917328 0.3195071798250919 0.14570740260917328 0.3312556452702991 0.13921149510568073 0.3312556452702991
0 0.16232928357399248 0.3220611940523109 0.1695894154896606 0.3220611940523109 0.1695894154896606 0.3312556452702991 0.16232928357399248 0.3312556452702991
0 0.18468284763012868 0.31925177840237 0.19270720395797242 0.31925177840237 0.19270720395797242 0.32819082819763634 0.18468284763012868 0.32819082819763634
0 0.22002822669324995 0.32410440543408603 0.22690624640283033 0.32410440543408603 0.22690624640283033 0.3348312651884056 0.22002822669324995 0.3348312651884056
0 0.254036213035064 0.32410440543408603 0.26072317664160044 0.32410440543408603 0.26072317664160044 0.3348312651884056 0.254036213035064 0.3348312651884056
0 0.1399757195178563 0.36879965441041784 0.1458984587122172 0.36879965441041784 0.1458984587122172 0.3792711127420155 0.1399757195178563 0.3792711127420155
0 0.1634756201922559 0.37288607717396816 0.16958941548966064 0.37288607717396816 0.16958941548966064 0.3823359298146783 0.1634756201922559 0.3823359298146783
0 0.18468284763012868 0.36828885156497404 0.19480882109145528 0.36828885156497404 0.19480882109145528 0.3764616970920746 0.18468284763012868 0.3764616970920746
0 0.21085753374714286 0.3680334501422521 0.21639816073541587 0.3680334501422521 0.21639816073541587 0.37901571131929357 0.21085753374714286 0.37901571131929357
0 0.2322558172880595 0.3710982672149148 0.23875172479155207 0.3710982672149148 0.23875172479155207 0.3810589227010688 0.2322558172880595 0.3810589227010688
0 0.13233347539610035 0.473769639149117 0.14112205613611975 0.473769639149117 0.14112205613611975 0.4827086889443834 0.13233347539610035 0.4827086889443834
0 0.15678865658571944 0.4712156249218981 0.16328456408921196 0.4712156249218981 0.16328456408921196 0.481176280408052 0.15678865658571944 0.481176280408052
0 0.17704060350837275 0.47223723061278555 0.18449179152708478 0.47223723061278555 0.18449179152708478 0.4806654775626082 0.17704060350837275 0.4806654775626082
0 0.19939416756450892 0.47274803345822947 0.20608113117104532 0.47274803345822947 0.20608113117104532 0.48398569605799285 0.19939416756450892 0.48398569605799285
0 0.2249956853723913 0.4755574491081703 0.23416637831849849 0.4755574491081703 0.23416637831849849 0.48373029463527095 0.2249956853723913 0.48373029463527095
0 0.13634565356002223 0.5258715293843838 0.14417895378482207 0.5258715293843838 0.14417895378482207 0.5348105791796501 0.13634565356002223 0.5348105791796501
0 0.1606097786465974 0.5314903606842656 0.16729674225313387 0.5314903606842656 0.16729674225313387 0.5414510161704194 0.1606097786465974 0.5414510161704194
0 0.18258123049664576 0.5256161279616619 0.18926819410318227 0.5256161279616619 0.18926819410318227 0.5365983891387035 0.18258123049664576 0.5365983891387035
0 0.20436162624365026 0.5266377336525494 0.2114307020562745 0.5266377336525494 0.2114307020562745 0.5355767834478159 0.20436162624365026 0.5355767834478159
0 0.2301542001545766 0.5291917478797685 0.23951594920372765 0.5291917478797685 0.23951594920372765 0.5383861990977568 0.2301542001545766 0.5383861990977568
0 0.13309769980827593 0.6201146543687635 0.140548887826988 0.6201146543687635 0.140548887826988 0.6293091055867517 0.13309769980827593 0.6293091055867517
0 0.1577439371009389 0.6180714429869882 0.16252033967703639 0.6180714429869882 0.16252033967703639 0.6280320984731422 0.1577439371009389 0.6280320984731422
0 0.1758942668901093 0.6201146543687635 0.18296334270273354 0.6201146543687635 0.18296334270273354 0.6293091055867517 0.1758942668901093 0.6293091055867517
0 0.20760957999539656 0.6249672814004794 0.21639816073541587 0.6249672814004794 0.21639816073541587 0.6326293240821363 0.20760957999539656 0.6326293240821363
0 0.23970700530677153 0.6244564785550357 0.24754030553157141 0.6244564785550357 0.24754030553157141 0.6339063311957458 0.23970700530677153 0.6339063311957458
0 0.13730093407524174 0.6740043545630835 0.1449431781969977 0.6740043545630835 0.1449431781969977 0.6844758128946813 0.13730093407524174 0.6844758128946813
0 0.15315859062788534 0.6584248677770479 0.16194717136790468 0.6584248677770479 0.16194717136790468 0.6673639175723141 0.15315859062788534 0.6673639175723141
0 0.18468284763012868 0.6691517275313674 0.19270720395797242 0.6691517275313674 0.19270720395797242 0.6791123830175212 0.18468284763012868 0.6791123830175212
0 0.212385982571494 0.6727273474494742 0.21983717059020602 0.6727273474494742 0.21983717059020602 0.6831988057810721 0.212385982571494 0.6831988057810721
0 0.23454849052458626 0.6711949389131426 0.24352812736764948 0.6711949389131426 0.24352812736764948 0.6811555943992966 0.23454849052458626 0.6811555943992966
0 0.13462614863262715 0.7723339023110136 0.1409310000330758 0.7723339023110136 0.1409310000330758 0.7851039734471084 0.13462614863262715 0.7851039734471084
0 0.15143908570049025 0.7789743393017826 0.1579349932039828 0.7789743393017826 0.1579349932039828 0.79072280474699 0.15143908570049025 0.79072280474699
0 0.1722642009322752 0.7761649236518419 0.1793332767448995 0.7761649236518419 0.1793332767448995 0.7894457976333806 0.1722642009322752 0.7894457976333806
0 0.20054050418277228 0.7741217122700668 0.20875591661365994 0.7741217122700668 0.20875591661365994 0.7851039734471082 0.20054050418277228 0.7851039734471082
0 0.22251195603282065 0.778463536456339 0.22958103184544493 0.778463536456339 0.22958103184544493 0.7899566004788244 0.22251195603282065 0.7899566004788244
0 0.13615459745697833 0.8231587854326707 0.1437968415787343 0.8231587854326707 0.1437968415787343 0.8338856451869904 0.13615459745697833 0.8338856451869904
0 0.157552880997895 0.8264790039280553 0.16366667629529977 0.8264790039280553 0.16366667629529977 0.8392490750641501 0.157552880997895 0.8392490750641501
0 0.1772316596114166 0.8323532366506589 0.1860202403514359 0.8323532366506589 0.1860202403514359 0.8415476878686472 0.1772316596114166 0.8415476878686472
0 0.19671938212189433 0.8351626523005998 0.20474373844973806 0.8351626523005998 0.20474373844973806 0.8425692935595347 0.19671938212189433 0.8425692935595347
0 0.20913802881974772 0.8379720679505407 0.21697132904454758 0.8379720679505407 0.21697132904454758 0.8471665191685289 0.20913802881974772 0.8471665191685289
0 0.2479224177376592 0.8354180537233218 0.25613783016854685 0.8354180537233218 0.25613783016854685 0.8466557163230851 0.2479224177376592 0.8466557163230851
0 0.45005977475810427 0.0012770071136094798 0.45923046770421144 0.0012770071136094798 0.45923046770421144 0.008172845527100672 0.45005977475810427 0.008172845527100672
0 0.4676369362381429 0.0035756199181065443 0.4779539658025135 0.0035756199181065443 0.4779539658025135 0.013280873981538592 0.4676369362381429 0.013280873981538592
0 0.49323845404602534 0.006385035568047401 0.5022180908890886 0.006385035568047401 0.5022180908890886 0.017622698167810823 0.49323845404602534 0.017622698167810823
0 0.5173115230295566 0.003064817072662752 0.5249537671513126 0.003064817072662752 0.5249537671513126 0.010726859754319631 0.5173115230295566 0.010726859754319631
0 0.5390919187765612 0.005874232722603607 0.5488357800318001 0.005874232722603607 0.5488357800318001 0.012514669713372903 0.5390919187765612 0.012514669713372903
0 0.45388089681898225 0.05720991868970471 0.4607589165285626 0.05720991868970471 0.4607589165285626 0.06614896848497107 0.45388089681898225 0.06614896848497107
0 0.4729865071233721 0.05695451726698279 0.4819661439664354 0.05695451726698279 0.4819661439664354 0.0643611585259178 0.4729865071233721 0.0643611585259178
0 0.4968685200038595 0.049547876008047824 0.5056571007438788 0.049547876008047824 0.5056571007438788 0.05823152438059228 0.4968685200038595 0.05823152438059228
0 0.5186489157508639 0.051080284544379205 0.5245716549452248 0.051080284544379205 0.5245716549452248 0.060785538607811246 0.5186489157508639 0.060785538607811246
0 0.5427219847343951 0.04878167173988213 0.550746341062239 0.04878167173988213 0.550746341062239 0.05925313007147987 0.5427219847343951 0.05925313007147987
0 0.44948660644897265 0.15375165647858136 0.4569377944676846 0.15375165647858136 0.4569377944676846 0.16550012192378857 0.44948660644897265 0.16550012192378857
0 0.47107594609293313 0.14762202233325586 0.47757185359642573 0.14762202233325586 0.47757185359642573 0.15834888208757547 0.47107594609293313 0.15834888208757547
0 0.49151894911863037 0.15375165647858136 0.4982059127251668 0.15375165647858136 0.4982059127251668 0.16601092476923232 0.49151894911863037 0.16601092476923232
0 0.5115798399382397 0.15221924794225 0.5180757474417323 0.15221924794225 0.5180757474417323 0.1632015091192915 0.5115798399382397 0.1632015091192915
0 0.5322138990669809 0.15221924794225 0.5400471992917808 0.15221924794225 0.5400471992917808 0.1634569105420134 0.5322138990669809 0.1634569105420134
0 0.4485313259337531 0.21274938512733935 0.4557914578494212 0.21274938512733935 0.4557914578494212 0.22092223065443997 0.4485313259337531 0.22092223065443997
0 0.4682101045472747 0.2094291666319547 0.4750881242568551 0.2094291666319547 0.4750881242568551 0.2219438363453276 0.4682101045472747 0.2219438363453276
0 0.4848319855120939 0.2020225253730197 0.4938116223551571 0.2020225253730197 0.4938116223551571 0.21274938512733935 0.4848319855120939 0.21274938512733935
0 0.5085229422895374 0.2027887296411854 0.516547298617381 0.2027887296411854 0.516547298617381 0.21172777943645174 0.5085229422895374 0.21172777943645174
0 0.5274374964908833 0.20125632110485406 0.5348886845095955 0.20125632110485406 0.5348886845095955 0.2107061737455642 0.5274374964908833 0.2107061737455642
0 0.4473849893154897 0.3192517784023699 0.45751096277681635 0.3192517784023699 0.45751096277681635 0.32997863815668954 0.4473849893154897 0.32997863815668954
0 0.47527918035989886 0.31771936986603855 0.4838767049968744 0.31771936986603855 0.4838767049968744 0.33048944100213334 0.47527918035989886 0.33048944100213334
0 0.5027912591982203 0.309291122916216 0.5111977277321519 0.309291122916216 0.5111977277321519 0.32129498978414506 0.5027912591982203 0.32129498978414506
0 0.5278196086969711 0.3069925101117189 0.5350797406126393 0.3069925101117189 0.5350797406126393 0.32027338409325745 0.5278196086969711 0.32027338409325745
0 0.5547585192261609 0.3105681300298255 0.5629739316570483 0.3105681300298255 0.5629739316570483 0.3235936025886421 0.5547585192261609 0.3235936025886421
0 0.45731990667377237 0.3698212601013055 0.46477109469248445 0.3698212601013055 0.46477109469248445 0.37901571131929374 0.45731990667377237 0.37901571131929374
0 0.4812019195542598 0.3670118444513645 0.4897994441912352 0.3670118444513645 0.4897994441912352 0.3764616970920747 0.4812019195542598 0.3764616970920747
0 0.5043197080225715 0.3611376117287609 0.5132993448656349 0.3611376117287609 0.5132993448656349 0.3710982672149148 0.5043197080225715 0.3710982672149148
0 0.528201720903059 0.35449717473799164 0.5354618528187269 0.35449717473799164 0.5354618528187269 0.3644578302241456 0.528201720903059 0.3644578302241456
0 0.5503642288561511 0.3547525761607135 0.5583885851839949 0.3547525761607135 0.5583885851839949 0.3665010416059208 0.5503642288561511 0.3665010416059208
0 0.45120611137636774 0.4704494206537324 0.4586572993950797 0.4704494206537324 0.4586572993950797 0.48066547756260825 0.45120611137636774 0.48066547756260825
0 0.4779539658025136 0.4704494206537324 0.48559620992426955 0.4704494206537324 0.48559620992426955 0.48066547756260825 0.4779539658025136 0.48066547756260825
0 0.4947669028703766 0.46866161069467915 0.5024091469921325 0.46866161069467915 0.5024091469921325 0.47938847044899885 0.4947669028703766 0.47938847044899885
0 0.5192220840599957 0.46687380073562584 0.5270553842847956 0.46687380073562584 0.5270553842847956 0.47657905479905793 0.5192220840599957 0.47657905479905793
0 0.5434862091465709 0.466618399312904 0.5517016215774584 0.466618399312904 0.5517016215774584 0.4760682519536142 0.5434862091465709 0.4760682519536142
0 0.44967766255201647 0.523317515157165 0.45693779446768473 0.523317515157165 0.45693779446768473 0.535321382025094 0.44967766255201647 0.535321382025094
0 0.4735596754325039 0.5215297051981116 0.4802466390390403 0.5215297051981116 0.4802466390390403 0.5332781706433187 0.4735596754325039 0.5332781706433187
0 0.5024091469921326 0.5194864938163365 0.5094782228047569 0.5194864938163365 0.5094782228047569 0.5309795578388218 0.5024091469921326 0.5309795578388218
0 0.5234253183269615 0.5228067123117212 0.5295391136243662 0.5228067123117212 0.5295391136243662 0.5317457621069875 0.5234253183269615 0.5317457621069875
0 0.5488357800318001 0.5225513108889992 0.5583885851839949 0.5225513108889992 0.5583885851839949 0.5317457621069874 0.5488357800318001 0.5317457621069874
0 0.4557914578494212 0.6270104927822546 0.46247842145595763 0.6270104927822546 0.46247842145595763 0.6382481553820181 0.4557914578494212 0.6382481553820181
0 0.47107594609293313 0.6270104927822546 0.47948241462686464 0.6270104927822546 0.47948241462686464 0.6390143596501838 0.47107594609293313 0.6390143596501838
0 0.497823800519079 0.625988887091367 0.5068034373621423 0.625988887091367 0.5068034373621423 0.6349279368866334 0.497823800519079 0.6349279368866334
0 0.520559476781303 0.6275212956276984 0.5264822159756638 0.6275212956276984 0.5264822159756638 0.6397805639183495 0.520559476781303 0.6397805639183495
0 0.5390919187765612 0.6267550913595328 0.5480715556196244 0.6267550913595328 0.5480715556196244 0.635949542577521 0.5390919187765612 0.635949542577521
0 0.45005977475810427 0.6796231858629652 0.45846624329203584 0.6796231858629652 0.45846624329203584 0.6918824541536162 0.45005977475810427 0.6918824541536162
0 0.47394178763859157 0.6821772000901842 0.48483198551209383 0.6821772000901842 0.48483198551209383 0.6936702641126694 0.47394178763859157 0.6936702641126694
0 0.497632744416035 0.6862636228537347 0.5062302690530106 0.6862636228537347 0.5062302690530106 0.6946918698035571 0.497632744416035 0.6946918698035571
0 0.5241895427391371 0.6780907773266339 0.5310675624487174 0.6780907773266339 0.5310675624487174 0.687285228544622 0.5241895427391371 0.687285228544622
0 0.5413845920130879 0.6796231858629652 0.5492178922378878 0.6796231858629652 0.5492178922378878 0.6906054470400068 0.5413845920130879 0.6906054470400068
0 0.45560040174637734 0.785614776292552 0.4628605336620455 0.785614776292552 0.4628605336620455 0.7968524388923154 0.45560040174637734 0.7968524388923154
0 0.478909246317733 0.7789743393017826 0.4861693782334012 0.7789743393017826 0.4861693782334012 0.788168790519771 0.478909246317733 0.788168790519771
0 0.5022180908890886 0.7812729521062798 0.5102424472169323 0.7812729521062798 0.5102424472169323 0.7899566004788244 0.5022180908890886 0.7899566004788244
0 0.5299212258304541 0.7820391563744454 0.5360350211278588 0.7820391563744454 0.5360350211278588 0.7945538260878183 0.5299212258304541 0.7945538260878183
0 0.547116275104405 0.7835715649107768 0.5553316875352926 0.7835715649107768 0.5553316875352926 0.7914890090151556 0.547116275104405 0.7914890090151556
0 0.45349878461289445 0.8377166665278188 0.4607589165285627 0.8377166665278188 0.4607589165285627 0.8474219205912508 0.45349878461289445 0.8474219205912508
0 0.47871819021468914 0.8361842579914874 0.4863604343364451 0.8361842579914874 0.4863604343364451 0.8451233077867538 0.47871819021468914 0.8451233077867538
0 0.5004985859616936 0.8280114124643867 0.5089050544956252 0.8280114124643867 0.5089050544956252 0.8382274693732624 0.5004985859616936 0.8382274693732624
0 0.5308765063456735 0.8282668138871087 0.5389008626735173 0.8282668138871087 0.5389008626735173 0.8366950608369311 0.5308765063456735 0.8366950608369311
0 0.5557137997413804 0.8323532366506589 0.5629739316570486 0.8323532366506589 0.5629739316570486 0.8402706807550377 0.5557137997413804 0.8402706807550377
