0 0.44281851792223587 0.14965256918167294 0.45023970539584185 0.14965256918167294 0.45023970539584185 0.15809559142041332 0.44281851792223587 0.15809559142041332
0 0.48102973853101566 0.14754181362198784 0.4889246188220858 0.14754181362198784 0.4889246188220858 0.1557737603047597 0.48102973853101566 0.1557737603047597
0 0.5021880177110838 0.14986364473764144 0.508977614761404 0.14986364473764144 0.508977614761404 0.15851774253235026 0.5021880177110838 0.15851774253235026
0 0.5416624191664348 0.15197440029732653 0.5492415042458623 0.15197440029732653 0.5492415042458623 0.15915096920025584 0.5416624191664348 0.15915096920025584
0 0.5735577355423584 0.15091902251748399 0.5801894349868573 0.15091902251748399 0.5801894349868573 0.1580955914204133 0.5735577355423584 0.1580955914204133
0 0.4413974394698432 0.19862209816636703 0.4502397053958418 0.19862209816636703 0.4502397053958418 0.20980910263269797 0.4413974394698432 0.20980910263269797
0 0.48055604571355137 0.20009962705814663 0.4884509260046216 0.20009962705814663 0.4884509260046216 0.2095980270767295 0.48055604571355137 0.2095980270767295
0 0.5096092051846898 0.2019993070618632 0.5187672663223312 0.2019993070618632 0.5187672663223312 0.209386951520761 0.5096092051846898 0.209386951520761
0 0.5462414497352556 0.20284360928573722 0.5536626372088614 0.20284360928573722 0.5536626372088614 0.21086448041254058 0.5462414497352556 0.21086448041254058
0 0.5809789230159644 0.20094392928202065 0.588242212883749 0.20094392928202065 0.588242212883749 0.2079094226289814 0.5809789230159644 0.2079094226289814
0 0.44202902989312887 0.3094367650498343 0.45039760300166326 0.3094367650498343 0.45039760300166326 0.3197794672922913 0.44202902989312887 0.3197794672922913
0 0.47802968402040913 0.30162696947899953 0.4860824619173007 0.30162696947899953 0.4860824619173007 0.30817031171402326 0.47802968402040913 0.30817031171402326
0 0.4425027227105931 0.3558733873629063 0.4500818077900205 0.3558733873629063 0.4500818077900205 0.3672714673852057 0.4425027227105931 0.3672714673852057
0 0.46729264682455357 0.35228510291144166 0.4770822983854806 0.35228510291144166 0.4770822983854806 0.36072812515018204 0.46729264682455357 0.36072812515018204
0 0.5009248368645126 0.3505964984636936 0.5086618195497614 0.3505964984636936 0.5086618195497614 0.3613613518180876 0.5009248368645126 0.3613613518180876
0 0.5268200442192229 0.35460693402709526 0.5343991292986503 0.35460693402709526 0.5343991292986503 0.36431640960164674 0.5268200442192229 0.36431640960164674
0 0.5516099683331833 0.359461671814371 0.560452234259182 0.359461671814371 0.560452234259182 0.3700154496127964 0.5516099683331833 0.3700154496127964
0 0.5187672663223313 0.3113364450535509 0.5276095322483298 0.3113364450535509 0.5276095322483298 0.3210459206281024 0.5187672663223313 0.3210459206281024
0 0.5424519071955419 0.30352664948271607 0.5495572994575051 0.30352664948271607 0.5495572994575051 0.3174576361766377 0.5424519071955419 0.3174576361766377
0 0.5640838791930742 0.29508362724397574 0.5710313738492161 0.29508362724397574 0.5710313738492161 0.3058484805983696 0.5640838791930742 0.3058484805983696
0 0.4492923197609134 0.46246654312700336 0.4579766880810907 0.46246654312700336 0.4579766880810907 0.47280924536946034 0.4492923197609134 0.47280924536946034
0 0.4743980390865166 0.46288869423894036 0.4845034858590865 0.46288869423894036 0.4845034858590865 0.47238709425752323 0.4743980390865166 0.47238709425752323
0 0.5028196081343694 0.4652105253545941 0.5099250003963326 0.4652105253545941 0.5099250003963326 0.47703075648883053 0.5028196081343694 0.47703075648883053
0 0.5405571359256849 0.46415514757475135 0.549557299457505 0.46415514757475135 0.549557299457505 0.477241832044799 0.5405571359256849 0.477241832044799
0 0.5789262541402861 0.466054827578468 0.5868211344313564 0.466054827578468 0.5868211344313564 0.4772418320447991 0.5789262541402861 0.4772418320447991
0 0.45134498863659167 0.5213566232422174 0.4600293569567689 0.5213566232422174 0.4600293569567689 0.5304328721488633 0.45134498863659167 0.5304328721488633
0 0.48166132895430125 0.5255781343615876 0.4897141068511928 0.5255781343615876 0.4897141068511928 0.5373983654958241 0.48166132895430125 0.5373983654958241
0 0.5141882357535105 0.5211455476862489 0.5227147064678663 0.5211455476862489 0.5227147064678663 0.5314882499287059 0.5141882357535105 0.5314882499287059
0 0.5509783779098976 0.513757903227351 0.561241722288289 0.513757903227351 0.561241722288289 0.524522756581745 0.5509783779098976 0.524522756581745
0 0.5768735852646079 0.5122803743355715 0.5842947727382138 0.5122803743355715 0.5842947727382138 0.5230452276899654 0.5768735852646079 0.5230452276899654
0 0.45845038089855483 0.6239393434429128 0.4663452611896251 0.6239393434429128 0.4663452611896251 0.6323823656816532 0.45845038089855483 0.6323823656816532
0 0.4878193355813361 0.626050099002598 0.4957142158724064 0.626050099002598 0.4957142158724064 0.6361817256890864 0.4878193355813361 0.6361817256890864
0 0.5151356213884389 0.626894401226472 0.523030501679509 0.626894401226472 0.523030501679509 0.6385035568047399 0.5151356213884389 0.6385035568047399
0 0.5544521252379686 0.6294273078980941 0.5612417222882891 0.6294273078980941 0.5612417222882891 0.6406143123644252 0.5544521252379686 0.6406143123644252
0 0.5874527248546421 0.627738703450346 0.5958212979631766 0.627738703450346 0.5958212979631766 0.6387146323607084 0.5874527248546421 0.6387146323607084
0 0.4497660125783777 0.6735420990955124 0.4575029952636266 0.6735420990955124 0.4575029952636266 0.6849401791178118 0.4497660125783777 0.6849401791178118
0 0.48008235289608725 0.6921167480207413 0.4882930283988003 0.6921167480207413 0.4882930283988003 0.7039369791549778 0.48008235289608725 0.7039369791549778
0 0.5105565908196182 0.6819851213342528 0.5181356758990456 0.6819851213342528 0.5181356758990456 0.6927499746886469 0.5105565908196182 0.6927499746886469
0 0.5411887263489706 0.6946496546923633 0.5486099138225767 0.6946496546923633 0.5486099138225767 0.7039369791549778 0.5411887263489706 0.7039369791549778
0 0.579242049351929 0.6935942769125208 0.586189544008071 0.6935942769125208 0.586189544008071 0.7049923569348204 0.579242049351929 0.7049923569348204
0 0.7873888276456418 0.32667137084051573 0.7946836970345906 0.32667137084051573 0.7946836970345906 0.33456559663373797 0.7873888276456418 0.33456559663373797
0 0.8108366221101203 0.32551045528268896 0.8198683651631045 0.32551045528268896 0.8198683651631045 0.33294031485278053 0.8108366221101203 0.33294031485278053
0 0.8396687249331087 0.32876101884460396 0.8459214701236362 0.32876101884460396 0.8459214701236362 0.33711961086095693 0.8396687249331087 0.33711961086095693
0 0.8744061982138176 0.3350299628568687 0.8820484423355736 0.3350299628568687 0.8820484423355736 0.3412989068691334 0.8744061982138176 0.3412989068691334
0 0.7889520139432737 0.3763585567155027 0.7958995085994155 0.3763585567155027 0.7958995085994155 0.3870389798475093 0.7889520139432737 0.3870389798475093
0 0.8205631146287186 0.3807700358352446 0.8278579840176675 0.3807700358352446 0.8278579840176675 0.3902895434094243 0.8205631146287186 0.3902895434094243
0 0.8554742752758312 0.3861102474012479 0.8624217699319728 0.3861102474012479 0.8624217699319728 0.395861938086993 0.8554742752758312 0.395861938086993
0 0.8851748149308372 0.3919148251903819 0.8912538727549614 0.3919148251903819 0.8912538727549614 0.4046848963264767 0.8851748149308372 0.4046848963264767
0 0.8983750547775067 0.3875033460706401 0.9060172988992625 0.3875033460706401 0.9060172988992625 0.39516538875229695 0.8983750547775067 0.39516538875229695
0 0.7710622152037083 0.46783870267225475 0.7760991488294112 0.46783870267225475 0.7760991488294112 0.47759039335799985 0.7710622152037083 0.47759039335799985
0 0.7976363822634508 0.4643559559987742 0.8040628148203819 0.4643559559987742 0.8040628148203819 0.47526856224234615 0.7976363822634508 0.47526856224234615
0 0.825773735620825 0.4729467311266926 0.8327212302769668 0.4729467311266926 0.8327212302769668 0.48246623870087235 0.825773735620825 0.48246623870087235
0 0.8594690847031127 0.47225018179199646 0.8674587035576757 0.47225018179199646 0.8674587035576757 0.4817696893661762 0.8594690847031127 0.4817696893661762
0 0.884132690732416 0.47016053378790823 0.8926433716861896 0.47016053378790823 0.8926433716861896 0.48200187247774157 0.884132690732416 0.48200187247774157
0 0.7696727162724799 0.5275097623445522 0.7790518340582716 0.5275097623445522 0.7790518340582716 0.5349396219146436 0.7696727162724799 0.5349396219146436
0 0.7976363822634508 0.5279741285676829 0.808231311614067 0.5279741285676829 0.808231311614067 0.5393511010343855 0.7976363822634508 0.5393511010343855
0 0.8278579840176675 0.5291350441255097 0.8353265407730199 0.5291350441255097 0.8353265407730199 0.5386545516996895 0.8278579840176675 0.5386545516996895
0 0.8577322110390772 0.5200799027744606 0.8650270804280261 0.5200799027744606 0.8650270804280261 0.5314568752411633 0.8577322110390772 0.5314568752411633
0 0.8881275001596975 0.5249557481173331 0.8994171789759279 0.5249557481173331 0.8994171789759279 0.5323856076874247 0.8881275001596975 0.5323856076874247
0 0.7722780267685334 0.618989908301304 0.7785307719590611 0.618989908301304 0.7785307719590611 0.6301346976564413 0.7722780267685334 0.6301346976564413
0 0.8042365021867856 0.6213117394169576 0.8103155600109095 0.6213117394169576 0.8103155600109095 0.6308312469911374 0.8042365021867856 0.6308312469911374
0 0.8393213502003014 0.6236335705326111 0.8441845964596008 0.6236335705326111 0.8441845964596008 0.6312956132142681 0.8393213502003014 0.6312956132142681
0 0.8693692645881148 0.619686457636 0.878401007641099 0.619686457636 0.878401007641099 0.6285094158754837 0.8693692645881148 0.6285094158754837
0 0.9093173588609301 0.6152749785162582 0.9173069777154931 0.6152749785162582 0.9173069777154931 0.624794486090438 0.9093173588609301 0.624794486090438
0 0.7707148404709013 0.673785122630729 0.7764465235622185 0.673785122630729 0.7764465235622185 0.684697728874301 0.7707148404709013 0.684697728874301
0 0.80249962852275 0.6728563901844676 0.8096208105452954 0.6728563901844676 0.8096208105452954 0.6823758977586473 0.80249962852275 0.6823758977586473
0 0.8459214701236363 0.6775000524157748 0.8532163395125851 0.6775000524157748 0.8532163395125851 0.6856264613205625 0.8459214701236363 0.6856264613205625
0 0.8789220697403095 0.6705345590688139 0.8869116885948727 0.6705345590688139 0.8869116885948727 0.6765713199695133 0.8789220697403095 0.6765713199695133
0 0.9127911061890007 0.6656587137259413 0.9214754745091781 0.6656587137259413 0.9214754745091781 0.6763391368579479 0.9127911061890007 0.6763391368579479
