0 0.4416279180587154 0.30088504594738036 0.4520896420521652 0.30088504594738036 0.4520896420521652 0.3115795361253842 0.4416279180587154 0.3115795361253842
0 0.48255172073897495 0.2984170866755333 0.48932107155826593 0.2984170866755333 0.48932107155826593 0.309522903398845 0.48255172073897495 0.309522903398845
0 0.5022443776678217 0.30129637249268815 0.5108599150741919 0.30129637249268815 0.5108599150741919 0.31116820958007635 0.5022443776678217 0.31116820958007635
0 0.5425527848190547 0.3033530052192274 0.5505529266963987 0.3033530052192274 0.5505529266963987 0.31322484230661557 0.5425527848190547 0.31322484230661557
0 0.5746862879000512 0.304295521839016 0.5819939456901327 0.304295521839016 0.5819939456901327 0.31319209485917626 0.5746862879000512 0.31319209485917626
0 0.5821244395792413 0.3555816486611165 0.5896930851475399 0.3555816486611165 0.5896930851475399 0.3650015495059922 0.5821244395792413 0.3650015495059922
0 0.5461081261852682 0.357326074743501 0.5560256617575218 0.357326074743501 0.5560256617575218 0.36709486080485343 0.5461081261852682 0.36709486080485343
0 0.5097003311239692 0.3559305338775933 0.5197483605853312 0.3559305338775933 0.5197483605853312 0.36604820515542275 0.5097003311239692 0.36604820515542275
0 0.4428874599003668 0.3536627799704937 0.44967314213401405 0.3536627799704937 0.44967314213401405 0.36343156603184623 0.4428874599003668 0.36343156603184623
0 0.4803392060745345 0.3540116651869706 0.48842982719926764 0.3540116651869706 0.48842982719926764 0.36430377907303835 0.4803392060745345 0.36430377907303835
0 0.4385811615597831 0.4658293770678089 0.4453668437934302 0.4658293770678089 0.4453668437934302 0.47699370399506885 0.4385811615597831 0.47699370399506885
0 0.4888213088665934 0.4661782622842857 0.4976948933259781 0.4661782622842857 0.4976948933259781 0.4749003926962077 0.4888213088665934 0.4749003926962077
0 0.5256205855952182 0.47385373704677697 0.5342331822763858 0.47385373704677697 0.5342331822763858 0.4841458509328448 0.5256205855952182 0.4841458509328448
0 0.4826880960784894 0.510137799560372 0.4926056316507429 0.510137799560372 0.4926056316507429 0.5223487821370625 0.4826880960784894 0.5223487821370625
0 0.5170079889140508 0.5169410612816709 0.5241851528150236 0.5169410612816709 0.5241851528150236 0.5281053882089312 0.5170079889140508 0.5281053882089312
0 0.5602014662089971 0.521302126487632 0.5690750506683817 0.521302126487632 0.5690750506683817 0.5301986995077925 0.5602014662089971 0.5301986995077925
0 0.5682782549814843 0.4561082138385056 0.5755731243704331 0.4561082138385056 0.5755731243704331 0.4670208200820776 0.5682782549814843 0.4670208200820776
0 0.6094421608191244 0.46771736941677355 0.6170844049408805 0.46771736941677355 0.6170844049408805 0.4765403276562573 0.6094421608191244 0.4765403276562573
0 0.6035367903614038 0.5139218086182802 0.6115264092159669 0.5139218086182802 0.6115264092159669 0.5232091330808946 0.6035367903614038 0.5232091330808946
0 0.4579867773152336 0.5348182886591626 0.4658027088033931 0.5348182886591626 0.4658027088033931 0.542712514452385 0.4579867773152336 0.542712514452385
