0 0.1561619048404657 0.16096518283575173 0.16302788801555423 0.16096518283575173 0.16302788801555423 0.1687837865895371 0.1561619048404657 0.1687837865895371
0 0.18871175100384863 0.16334475789125164 0.1943062558131801 0.16334475789125164 0.1943062558131801 0.1728630581132512 0.18871175100384863 0.1728630581132512
0 0.21770145774311164 0.1687837865895371 0.22380455389874596 0.1687837865895371 0.22380455389874596 0.1766023903433225 0.21770145774311164 0.1766023903433225
0 0.24236813803880028 0.1616450614230374 0.24948841688704032 0.1616450614230374 0.24948841688704032 0.171163361645037 0.24236813803880028 0.171163361645037
0 0.272375027470669 0.15994536495482317 0.2800038976652119 0.15994536495482317 0.2800038976652119 0.16912372588317998 0.272375027470669 0.16912372588317998
0 0.15489042647470852 0.21297589476310677 0.16073922695719142 0.21297589476310677 0.16073922695719142 0.22249419498510645 0.15489042647470852 0.22249419498510645
0 0.1762512630194286 0.21569540911224952 0.18210006350191146 0.21569540911224952 0.18210006350191146 0.22589358792153483 0.1762512630194286 0.22589358792153483
0 0.20676674379760018 0.21603534840589236 0.21439561399214307 0.21603534840589236 0.21439561399214307 0.22249419498510642 0.20676674379760018 0.22249419498510642
0 0.23423067649795454 0.21263595546946396 0.24211384236564887 0.21263595546946396 0.24211384236564887 0.21977468063596367 0.23423067649795454 0.21977468063596367
0 0.26500045294927754 0.21093625900124974 0.27262932314382043 0.21093625900124974 0.27262932314382043 0.22113443781053504 0.26500045294927754 0.22113443781053504
0 0.14471859954865132 0.3149576828559599 0.1513302870505885 0.3149576828559599 0.1513302870505885 0.3231162259033882 0.14471859954865132 0.3231162259033882
0 0.17752274138518576 0.3098585934513172 0.18489731590657718 0.3098585934513172 0.18489731590657718 0.3180171364987456 0.17752274138518576 0.3180171364987456
0 0.20168083033457157 0.30611926122124594 0.2105811788948716 0.30611926122124594 0.2105811788948716 0.31359792568138856 0.20168083033457157 0.31359792568138856
0 0.23245060678589455 0.30747901839581737 0.23855370294152886 0.30747901839581737 0.23855370294152886 0.3180171364987456 0.23245060678589455 0.3180171364987456
0 0.25610010438897746 0.3067991398085317 0.26576333996873186 0.3067991398085317 0.26576333996873186 0.31563756144324556 0.25610010438897746 0.31563756144324556
0 0.13988698175877418 0.3717275448943148 0.1454814865681056 0.3717275448943148 0.1454814865681056 0.3809059058226716 0.13988698175877418 0.3809059058226716
0 0.1719282365758543 0.36798821266424353 0.17981140244354865 0.36798821266424353 0.17981140244354865 0.3758068164180289 0.1719282365758543 0.3758068164180289
0 0.1976120995641487 0.3676482733706007 0.20422378706608588 0.3676482733706007 0.20422378706608588 0.3751269378307433 0.1976120995641487 0.3751269378307433
0 0.22507603226450307 0.36220924467231524 0.23219631111274308 0.36220924467231524 0.23219631111274308 0.3707077270133863 0.22507603226450307 0.3707077270133863
0 0.25126848659910034 0.3577900338549583 0.25762587842788603 0.3577900338549583 0.25762587842788603 0.36696839478331494 0.25126848659910034 0.36696839478331494
0 0.15794197455252568 0.4686102435825253 0.16557084474706857 0.4686102435825253 0.16557084474706857 0.475748968749025 0.15794197455252568 0.475748968749025
0 0.17828562840464005 0.47098981863802514 0.1876945683112429 0.47098981863802514 0.1876945683112429 0.4808480581536676 0.17828562840464005 0.4808480581536676
0 0.2039694913929344 0.46385109347152537 0.21134406591432592 0.46385109347152537 0.21134406591432592 0.473369393693525 0.2039694913929344 0.473369393693525
0 0.22177018851353447 0.45909194336052567 0.23016194572753165 0.45909194336052567 0.23016194572753165 0.4703099400507394 0.22177018851353447 0.4703099400507394
0 0.25126848659910034 0.4492337038448831 0.2581344697741889 0.4492337038448831 0.2581344697741889 0.4607916398287398 0.25126848659910034 0.4607916398287398
0 0.16887668849803716 0.5260599842081658 0.17396260196106572 0.5260599842081658 0.17396260196106572 0.5331987093746655 0.16887668849803716 0.5331987093746655
0 0.18616879427233438 0.5247002270335944 0.1943062558131801 0.5247002270335944 0.1943062558131801 0.5318389522000941 0.18616879427233438 0.5318389522000941
0 0.21007258754856875 0.5202810162162375 0.21693857072365738 0.5202810162162375 0.21693857072365738 0.5270798020890943 0.21007258754856875 0.5270798020890943
0 0.23575645053686312 0.5223206519780945 0.2410966596730431 0.5223206519780945 0.2410966596730431 0.5328587700810227 0.23575645053686312 0.5328587700810227
0 0.2535571476574632 0.5185813197480234 0.26016883515940037 0.5185813197480234 0.26016883515940037 0.5291194378509514 0.2535571476574632 0.5291194378509514
0 0.14421000820234847 0.6232826221900192 0.15158458272373998 0.6232826221900192 0.15158458272373998 0.6331408617056616 0.14421000820234847 0.6331408617056616
0 0.1668423231128257 0.6263420758328048 0.17447119330736857 0.6263420758328048 0.17447119330736857 0.6372201332293758 0.1668423231128257 0.6372201332293758
0 0.18540590725288006 0.6226027436027335 0.19252618610112007 0.6226027436027335 0.19252618610112007 0.6314411652374473 0.18540590725288006 0.6314411652374473
0 0.22507603226450307 0.6256621972455191 0.23346778947850028 0.6256621972455191 0.23346778947850028 0.6341606795865902 0.22507603226450307 0.6341606795865902
0 0.14802444329961992 0.6674747303635888 0.15667049618676854 0.6674747303635888 0.15667049618676854 0.6766530912919457 0.14802444329961992 0.6766530912919457
0 0.17752274138518576 0.6701942447127316 0.18489731590657718 0.6701942447127316 0.18489731590657718 0.67835278776016 0.17752274138518576 0.67835278776016
0 0.20956399620226587 0.6698543054190886 0.2159213880310516 0.6698543054190886 0.2159213880310516 0.6797125449347312 0.20956399620226587 0.6797125449347312
0 0.23143342409328882 0.6742735162364457 0.2395708856341346 0.6742735162364457 0.2395708856341346 0.6831119378711596 0.23143342409328882 0.6831119378711596
0 0.25406573900376606 0.6263420758328048 0.26144031352515745 0.6263420758328048 0.26144031352515745 0.6362003153484471 0.25406573900376606 0.6362003153484471
0 0.25940594813994605 0.6725738197682315 0.2662719313150347 0.6725738197682315 0.2662719313150347 0.6810723021093025 0.25940594813994605 0.6810723021093025
0 0.15768767887937424 0.775915365035656 0.16429936638131137 0.775915365035656 0.16429936638131137 0.7857736045512984 0.15768767887937424 0.7857736045512984
0 0.17930281109724575 0.7731958506865132 0.1851516115797286 0.7731958506865132 0.1851516115797286 0.7844138473767271 0.17930281109724575 0.7844138473767271
0 0.20956399620226587 0.7701363970437276 0.21871864043571734 0.7701363970437276 0.21871864043571734 0.7796546972657272 0.20956399620226587 0.7796546972657272
0 0.23804511159522598 0.7742156685674417 0.2441482077508603 0.7742156685674417 0.2441482077508603 0.7844138473767271 0.23804511159522598 0.7844138473767271
0 0.2733922101632747 0.7701363970437276 0.2825468543967261 0.7701363970437276 0.2825468543967261 0.7810144544402987 0.2733922101632747 0.7810144544402987
0 0.15489042647470852 0.8289458948439395 0.16251929666925138 0.8289458948439395 0.16251929666925138 0.8374443771850106 0.15489042647470852 0.8374443771850106
0 0.17828562840464005 0.832345287780368 0.18591449859918294 0.832345287780368 0.18591449859918294 0.8384641950659392 0.17828562840464005 0.8384641950659392
0 0.20854681350966014 0.8218071696774399 0.2138870226458402 0.8218071696774399 0.2138870226458402 0.8333651056612966 0.20854681350966014 0.8333651056612966
0 0.23473926784425742 0.8207873517965113 0.24389391207770889 0.8207873517965113 0.24389391207770889 0.8262263804947967 0.23473926784425742 0.8262263804947967
0 0.2695777750660033 0.8245266840265829 0.27847812362630336 0.8245266840265829 0.27847812362630336 0.8320053484867254 0.2695777750660033 0.8320053484867254
0 0.12869797214011125 0.9163749337638605 0.13658113800780558 0.9163749337638605 0.13658113800780558 0.924193537517646 0.12869797214011125 0.924193537517646
0 0.16201070532294853 0.9102560264782893 0.16735091445912859 0.9102560264782893 0.16735091445912859 0.9197743267002889 0.16201070532294853 0.9197743267002889
0 0.17981140244354862 0.913655419414718 0.18693168129178864 0.913655419414718 0.18693168129178864 0.9224938410494318 0.17981140244354862 0.9224938410494318
0 0.2026980130271773 0.917734690938432 0.21007258754856872 0.917734690938432 0.21007258754856872 0.9279328697477173 0.2026980130271773 0.9279328697477173
0 0.23779081592207457 0.9214740231685031 0.24440250342401174 0.9214740231685031 0.24440250342401174 0.9309923233905029 0.23779081592207457 0.9309923233905029
0 0.14649866926071134 0.9639664348738586 0.15412753945525426 0.9639664348738586 0.15412753945525426 0.9755243708577154 0.14649866926071134 0.9755243708577154
0 0.1678595058054314 0.9653261920484302 0.1770141500388829 0.9653261920484302 0.1770141500388829 0.9755243708577155 0.1678595058054314 0.9755243708577155
0 0.19735780389099722 0.9670258885166443 0.20396949139293438 0.9670258885166443 0.20396949139293438 0.9755243708577154 0.19735780389099722 0.9755243708577154
0 0.21490420533844592 0.9677057671039299 0.22329596255244313 0.9677057671039299 0.22329596255244313 0.9772240673259296 0.21490420533844592 0.9772240673259296
0 0.23957088563413456 0.9721249779212868 0.24643686880922316 0.9721249779212868 0.24643686880922316 0.9823231567305724 0.23957088563413456 0.9823231567305724
0 0.2622032005446118 0.9745045529767868 0.2703406620854576 0.9745045529767868 0.2703406620854576 0.9840228531987864 0.2622032005446118 0.9840228531987864
0 0.2822925587235747 0.9792637030877868 0.2899214289181177 0.9792637030877868 0.2899214289181177 0.9908216390716434 0.2822925587235747 0.9908216390716434
