0 0.1263723159316851 0.1698898521302152 0.1348987866460409 0.1698898521302152 0.1348987866460409 0.1783328743689556 0.1263723159316851 0.1783328743689556
0 0.12305646620943561 0.2273024033536497 0.13174083452961283 0.2273024033536497 0.13174083452961283 0.23447897225657896 0.12305646620943561 0.23447897225657896
0 0.15100434243982414 0.2258248744618701 0.15700445146103748 0.2258248744618701 0.15700445146103748 0.23447897225657902 0.15100434243982414 0.23447897225657902
0 0.16695200062778595 0.17812179881298706 0.1743731881013919 0.17812179881298706 0.1743731881013919 0.18888665216738104 0.16695200062778595 0.18888665216738104
0 0.20295265475506605 0.17284490991377435 0.21305810152763593 0.17284490991377435 0.21305810152763593 0.18360976326816827 0.20295265475506605 0.18360976326816827
0 0.19916311221535235 0.22476949668202761 0.20784748053552957 0.22476949668202761 0.20784748053552957 0.23553435003642154 0.19916311221535235 0.23553435003642154
0 0.24826926762580903 0.22392519445815354 0.25679573834016484 0.22392519445815354 0.25679573834016484 0.23300144336479944 0.24826926762580903 0.23300144336479944
0 0.25300619580045114 0.17010092768618373 0.26153266651480694 0.17010092768618373 0.26153266651480694 0.18086578104057768 0.25300619580045114 0.18086578104057768
0 0.3000596823352295 0.1741113632495854 0.3070071769913713 0.1741113632495854 0.3070071769913713 0.18382083882413686 0.3000596823352295 0.18382083882413686
0 0.28553310259966036 0.2251916477939646 0.29579644697805163 0.2251916477939646 0.29579644697805163 0.23236821669689386 0.28553310259966036 0.23236821669689386
0 0.13758304594500476 0.31722059019623455 0.14689900468846762 0.31722059019623455 0.14689900468846762 0.3254525368790064 0.13758304594500476 0.3254525368790064
0 0.16916256710928562 0.3174316657522031 0.176741652188713 0.3174316657522031 0.176741652188713 0.32460823465513233 0.16916256710928562 0.32460823465513233
0 0.21021594462285065 0.3176427413081716 0.217005541673171 0.3176427413081716 0.217005541673171 0.32650791465884904 0.21021594462285065 0.32650791465884904
0 0.25426937664702237 0.31637628797236056 0.2634274377846638 0.31637628797236056 0.2634274377846638 0.3267189902148175 0.25426937664702237 0.3267189902148175
0 0.14500423341861077 0.37125593252417294 0.15289911370968098 0.37125593252417294 0.15289911370968098 0.3809654080987243 0.14500423341861077 0.3809654080987243
0 0.17532057373632032 0.37146700808014144 0.18321545402739056 0.37146700808014144 0.18321545402739056 0.3784325014271022 0.17532057373632032 0.3784325014271022
0 0.201373678696852 0.36619011918092864 0.20658429968895833 0.36619011918092864 0.20658429968895833 0.374210990307732 0.201373678696852 0.374210990307732
0 0.2504798341073087 0.3676676480727083 0.2563220455227006 0.3676676480727083 0.2563220455227006 0.3775881992032281 0.2504798341073087 0.3775881992032281
0 0.3003754775468724 0.32481931021110083 0.30858615304958537 0.32481931021110083 0.30858615304958537 0.3345287857856523 0.3003754775468724 0.3345287857856523
0 0.30700717699137137 0.362601834729464 0.31584944291737 0.362601834729464 0.31584944291737 0.37146700808014144 0.30700717699137137 0.37146700808014144
0 0.4447472861051778 0.16066354769196278 0.45178090672813115 0.16066354769196278 0.45178090672813115 0.16891468306164087 0.4447472861051778 0.16891468306164087
0 0.5135045162764983 0.16757147497820485 0.5203945936214323 0.16757147497820485 0.5203945936214323 0.17563072347882064 0.5135045162764983 0.17563072347882064
0 0.4357040595899518 0.20441375383816285 0.4441731129930999 0.20441375383816285 0.4441731129930999 0.21419998416033914 0.4357040595899518 0.21419998416033914
0 0.47603972071341966 0.2166945134581488 0.4819249951122174 0.2166945134581488 0.4819249951122174 0.2272482912565743 0.47603972071341966 0.2272482912565743
0 0.5209687667335101 0.22110791144658126 0.5282894739125024 0.22110791144658126 0.5282894739125024 0.22916715994719705 0.5209687667335101 0.22916715994719705
0 0.562883403915192 0.16450128507320838 0.569486394704087 0.16450128507320838 0.569486394704087 0.17505506287163383 0.562883403915192 0.17505506287163383
0 0.5585771055746082 0.21419998416033914 0.5661848993096396 0.21419998416033914 0.5661848993096396 0.22168357205376807 0.5585771055746082 0.22168357205376807
0 0.6013530024244068 0.2124730023387786 0.6095349692715157 0.2124730023387786 0.6095349692715157 0.21918904275595844 0.6013530024244068 0.21918904275595844
0 0.6169992197285277 0.16680392750195577 0.6254682731316759 0.16680392750195577 0.6254682731316759 0.1754388366097584 0.6169992197285277 0.1754388366097584
0 0.7723339041628985 0.16958140954153209 0.7783840753852063 0.16958140954153209 0.7783840753852063 0.17846212414276164 0.7723339041628985 0.17846212414276164
0 0.770910334463532 0.22286569714890925 0.7788585986183286 0.22286569714890925 0.7788585986183286 0.23016056985706215 0.770910334463532 0.23016056985706215
0 0.8155155183770165 0.17449751941006986 0.8218029512158852 0.17449751941006986 0.8218029512158852 0.18131663955029967 0.8155155183770165 0.18131663955029967
0 0.8125497481700029 0.2282575595853701 0.8200234890916772 0.2282575595853701 0.8200234890916772 0.23586960067213825 0.8125497481700029 0.23586960067213825
0 0.862493318456112 0.18210956049683802 0.8693739053363836 0.18210956049683802 0.8693739053363836 0.19035593834083686 0.862493318456112 0.19035593834083686
0 0.8996247614479222 0.1741803510314545 0.9069798715613161 0.1741803510314545 0.9069798715613161 0.1827438972540687 0.8996247614479222 0.1827438972540687
0 0.8934559594173339 0.2433230575695987 0.901997377613533 0.2433230575695987 0.901997377613533 0.25204518798152054 0.8934559594173339 0.25204518798152054
0 0.9327227569581941 0.23380800621113848 0.9384170357556603 0.23380800621113848 0.9384170357556603 0.24300588919098337 0.9327227569581941 0.24300588919098337
0 0.939247451413624 0.1836954023899147 0.9467211923352981 0.1836954023899147 0.9467211923352981 0.19257611699114421 0.939247451413624 0.19257611699114421
