0 0.45334672497104295 0.3157760805246908 0.4595885278574871 0.3157760805246908 0.4595885278574871 0.3238110092835217 0.45334672497104295 0.3238110092835217
0 0.4716097778610092 0.31639415196767784 0.479007470170869 0.31639415196767784 0.479007470170869 0.3231929378405346 0.4716097778610092 0.3231929378405346
0 0.4944963884446379 0.31701222341066476 0.5000446576770328 0.31701222341066476 0.5000446576770328 0.32350197356202826 0.4944963884446379 0.32350197356202826
0 0.5102164846030899 0.31732125913215825 0.516227109604851 0.31732125913215825 0.516227109604851 0.32535618789098913 0.5102164846030899 0.32535618789098913
0 0.5303289605705211 0.3176302948536518 0.5377266528803809 0.3176302948536518 0.5377266528803809 0.32628329505546955 0.5303289605705211 0.32628329505546955
0 0.4577391047800222 0.37851033198787015 0.46490561920519885 0.37851033198787015 0.46490561920519885 0.38716333218968807 0.4577391047800222 0.38716333218968807
0 0.4820127826717495 0.3741838318869613 0.48964165286629246 0.3741838318869613 0.48964165286629246 0.38345490353176603 0.4820127826717495 0.38345490353176603
0 0.5062864605634769 0.3726386532794937 0.5134529749886535 0.3726386532794937 0.5134529749886535 0.38036454631683103 0.5062864605634769 0.38036454631683103
0 0.5263989365309081 0.36707601029261083 0.5354148740335498 0.36707601029261083 0.5354148740335498 0.37696515338040265 0.5263989365309081 0.37696515338040265
0 0.5502102586532692 0.3695482960645588 0.555527350000981 0.3695482960645588 0.555527350000981 0.3760380462159221 0.5502102586532692 0.3760380462159221
0 0.46028206151153644 0.4777107985872819 0.46559915285924813 0.4777107985872819 0.46559915285924813 0.4869818702320867 0.46028206151153644 0.4869818702320867
0 0.4840933836338976 0.47987404863773636 0.49472756632932097 0.47987404863773636 0.49472756632932097 0.4891451202825411 0.4840933836338976 0.4891451202825411
0 0.5097541288337236 0.48327344157416474 0.5187700663363652 0.48327344157416474 0.5187700663363652 0.4940896918264369 0.5097541288337236 0.4940896918264369
0 0.5425813884587264 0.4783288700302688 0.5506726144226355 0.4783288700302688 0.5506726144226355 0.4888360845610476 0.5425813884587264 0.4888360845610476
0 0.5666238884657706 0.4770927271442948 0.5737904028909472 0.4770927271442948 0.5737904028909472 0.48543669162461905 0.5666238884657706 0.48543669162461905
0 0.48478691728794693 0.5361185499495522 0.4931093211365392 0.5361185499495522 0.4931093211365392 0.5466257644803311 0.48478691728794693 0.5466257644803311
0 0.5072111721022093 0.5321010855701368 0.514377686527386 0.5321010855701368 0.514377686527386 0.5426083001009157 0.5072111721022093 0.5426083001009157
0 0.5319472057633029 0.5274655497477344 0.5386513644191134 0.5274655497477344 0.5386513644191134 0.5373546928355263 0.5319472057633029 0.5373546928355263
0 0.5515973259613679 0.5262294068617603 0.5583014846171783 0.5262294068617603 0.5583014846171783 0.5379727642785131 0.5515973259613679 0.5379727642785131
0 0.4535779028557261 0.6245027662966915 0.46120677305026897 0.6245027662966915 0.46120677305026897 0.6343919093844833 0.4535779028557261 0.6343919093844833
0 0.48062571536365084 0.6275931235116264 0.48617398459604566 0.6275931235116264 0.48617398459604566 0.6374822665994182 0.48062571536365084 0.6374822665994182
0 0.5046682153706951 0.6263569806256525 0.5125282634499211 0.6263569806256525 0.5125282634499211 0.6377913023209117 0.5046682153706951 0.6377913023209117
0 0.5289418932624225 0.6207943376387696 0.5370331192263316 0.6207943376387696 0.5370331192263316 0.6319196236125354 0.5289418932624225 0.6319196236125354
0 0.5529843932694667 0.6207943376387696 0.5599197298099602 0.6207943376387696 0.5599197298099602 0.6300654092835744 0.5529843932694667 0.6300654092835744
0 0.45450261439445855 0.6822924462159752 0.4609755951655859 0.6822924462159752 0.4609755951655859 0.6921815893037668 0.45450261439445855 0.6921815893037668
0 0.48062571536365084 0.6832195533804554 0.4891792970969263 0.6832195533804554 0.4891792970969263 0.6921815893037667 0.48062571536365084 0.6921815893037667
0 0.5053617490247445 0.6887821963673385 0.5113723740265055 0.6887821963673385 0.5113723740265055 0.6989803751766237 0.5053617490247445 0.6989803751766237
0 0.5298666048011549 0.682910517658962 0.5374954749956979 0.682910517658962 0.5374954749956979 0.6924906250252602 0.5298666048011549 0.6924906250252602
0 0.5532155711541498 0.6807472676085075 0.5613067971180589 0.6807472676085075 0.5613067971180589 0.6921815893037667 0.5532155711541498 0.6921815893037667
0 0.46490561920519885 0.7898368772957111 0.47114742209164295 0.7898368772957111 0.47114742209164295 0.7997260203835029 0.46490561920519885 0.7997260203835029
0 0.49195343171312367 0.791691091624672 0.4995823019076665 0.791691091624672 0.4995823019076665 0.8012711989909702 0.49195343171312367 0.8012711989909702
0 0.5213130230678795 0.7898368772957111 0.5266301144155913 0.7898368772957111 0.5266301144155913 0.8003440918264898 0.5213130230678795 0.8003440918264898
0 0.5451243451902408 0.7870555558022694 0.5527532153847836 0.7870555558022694 0.5527532153847836 0.7987989132190222 0.5451243451902408 0.7987989132190222
0 0.5668550663504537 0.7892188058527237 0.5744839365449966 0.7892188058527237 0.5744839365449966 0.8000350561049963 0.5668550663504537 0.8000350561049963
0 0.4586638163187547 0.8433000571140856 0.4672173980520301 0.8433000571140856 0.4672173980520301 0.8528801644803838 0.4586638163187547 0.8528801644803838
0 0.5157647538354847 0.8429910213925919 0.5227000903759783 0.8429910213925919 0.5227000903759783 0.8516440215944097 0.5157647538354847 0.8516440215944097
0 0.5400384317272121 0.8423729499496049 0.5474361240370719 0.8423729499496049 0.5474361240370719 0.8522620930373968 0.5400384317272121 0.8522620930373968
0 0.5608444413486927 0.8408277713421374 0.5693980230819681 0.8408277713421374 0.5693980230819681 0.8494807715439553 0.5608444413486927 0.8494807715439553
0 0.5814192730854902 0.8392825927346699 0.5902040327034486 0.8392825927346699 0.5902040327034486 0.8497898072654488 0.5814192730854902 0.8497898072654488
