0 0.1429039710546101 0.02379575055499906 0.14976995422969874 0.02379575055499906 0.14976995422969874 0.034333868657927216 0.1429039710546101 0.034333868657927216
0 0.16401051192617877 0.02447562914228475 0.1713850864475702 0.02447562914228475 0.1713850864475702 0.033993929364284366 0.16401051192617877 0.033993929364284366
0 0.19350881001174458 0.028214961372356028 0.19986620184053036 0.028214961372356028 0.19986620184053036 0.03671344371342712 0.19350881001174458 0.03671344371342712
0 0.21639542059537326 0.02379575055499906 0.22453288213621897 0.02379575055499906 0.22453288213621897 0.03025459713421309 0.21639542059537326 0.03025459713421309
0 0.24716519704669623 0.02549544702321328 0.25631984128014773 0.02549544702321328 0.25631984128014773 0.030934475721498777 0.24716519704669623 0.030934475721498777
0 0.14264967538145867 0.07580646248235413 0.15231291096121302 0.07580646248235413 0.15231291096121302 0.08600464129163946 0.14264967538145867 0.08600464129163946
0 0.1668077643308445 0.07750615895056837 0.17672529558375025 0.07750615895056837 0.17672529558375025 0.08566470199799661 0.1668077643308445 0.08566470199799661
0 0.19147444462653318 0.07988573400606827 0.2006290888599846 0.07988573400606827 0.2006290888599846 0.08838421634713936 0.19147444462653318 0.08838421634713936
0 0.2158868292490704 0.0778460982442112 0.22376999511676468 0.0778460982442112 0.22376999511676468 0.08498482341071091 0.2158868292490704 0.08498482341071091
0 0.24436794464203054 0.07478664460142562 0.25148822349027056 0.07478664460142562 0.25148822349027056 0.08226530906156816 0.24436794464203054 0.08226530906156816
0 0.1393438316304901 0.16147116448035073 0.14748129317133588 0.16147116448035073 0.14748129317133588 0.17030958611506464 0.1393438316304901 0.17030958611506464
0 0.17087649510126737 0.16215104306763645 0.17697959125690169 0.16215104306763645 0.17697959125690169 0.17132940399599322 0.17087649510126737 0.17132940399599322
0 0.19554317539695604 0.16113122518670792 0.20215486289889317 0.16113122518670792 0.20215486289889317 0.16962970752777898 0.19554317539695604 0.16962970752777898
0 0.22122703838525046 0.16691019317863626 0.2286016129066419 0.16691019317863626 0.2286016129066419 0.17676843269427875 0.22122703838525046 0.17676843269427875
0 0.24792808406615052 0.16385073953585066 0.25504836291439054 0.16385073953585066 0.25504836291439054 0.17438885763877882 0.24792808406615052 0.17438885763877882
0 0.14061530999624725 0.21858096581234843 0.14926136288339584 0.21858096581234843 0.14926136288339584 0.226059630272491 0.14061530999624725 0.226059630272491
0 0.15078713692230444 0.2117821799394916 0.15917889413630162 0.2117821799394916 0.15917889413630162 0.22028066228056273 0.15078713692230444 0.22028066228056273
0 0.2029177499183475 0.22537975168520535 0.21283528117125328 0.22537975168520535 0.21283528117125328 0.23455811261356216 0.2029177499183475 0.23455811261356216
0 0.23368752636967044 0.2179010872250628 0.2402992138716076 0.2179010872250628 0.2402992138716076 0.22877914462163382 0.23368752636967044 0.22877914462163382
0 0.264203007147842 0.22368005521699114 0.26979751195717344 0.22368005521699114 0.26979751195717344 0.23387823402627647 0.264203007147842 0.23387823402627647
0 0.13883524028418723 0.3209026931988444 0.14620981480557865 0.3209026931988444 0.14620981480557865 0.33110087200812977 0.13883524028418723 0.33110087200812977
0 0.16172185086781588 0.3212426324924873 0.1698593124086617 0.3212426324924873 0.1698593124086617 0.32974111483355845 0.16172185086781588 0.32974111483355845
0 0.18537134847089887 0.3171633609687731 0.19350881001174458 0.3171633609687731 0.19350881001174458 0.32838135765898696 0.18537134847089887 0.32838135765898696
0 0.2194469686731904 0.3243020861352729 0.2275844302140361 0.3243020861352729 0.2275844302140361 0.33518014353184394 0.2194469686731904 0.33518014353184394
0 0.2527597018560277 0.32396214684163005 0.2614057547431763 0.32396214684163005 0.2614057547431763 0.33416032565091536 0.2527597018560277 0.33416032565091536
0 0.1393438316304901 0.36849419430884256 0.146972701825033 0.36849419430884256 0.146972701825033 0.3786923731181278 0.1393438316304901 0.3786923731181278
0 0.1614675551946645 0.37189358724527094 0.16985931240866162 0.37189358724527094 0.16985931240866162 0.38141188746727056 0.1614675551946645 0.38141188746727056
0 0.18562564414405028 0.36713443713427113 0.1945259927043503 0.36713443713427113 0.1945259927043503 0.37631279806262796 0.18562564414405028 0.37631279806262796
0 0.20952943742028485 0.3678143157215576 0.21741260328797896 0.3678143157215576 0.21741260328797896 0.3776725552372 0.20952943742028485 0.3776725552372
0 0.23114456963815616 0.3698539514834139 0.2392820311790019 0.3698539514834139 0.2392820311790019 0.38073200887998493 0.23114456963815616 0.38073200887998493
0 0.13222355278225006 0.47319549675083844 0.14163249268885297 0.47319549675083844 0.14163249268885297 0.482713796972838 0.13222355278225006 0.482713796972838
0 0.15536445903903018 0.4704759824016957 0.16401051192617877 0.4704759824016957 0.16401051192617877 0.4810141005046238 0.15536445903903018 0.4810141005046238
0 0.17723388693005307 0.47081592169533854 0.1843541657782931 0.47081592169533854 0.1843541657782931 0.4813540397982666 0.17723388693005307 0.4813540397982666
0 0.1970689494358646 0.473875375338124 0.2087665504008303 0.473875375338124 0.2087665504008303 0.48237385767919516 0.1970689494358646 0.48237385767919516
0 0.224532882136219 0.473875375338124 0.23495900473542763 0.473875375338124 0.23495900473542763 0.4844134934410522 0.224532882136219 0.4844134934410522
0 0.13593195174233214 0.5265396595062244 0.14472053248235148 0.5265396595062244 0.14472053248235148 0.535223307878769 0.13593195174233214 0.535223307878769
0 0.15981396462281952 0.5306260822697747 0.16802937705370719 0.5306260822697747 0.16802937705370719 0.5421191462922601 0.15981396462281952 0.5421191462922601
0 0.18388703360635078 0.5244964481244493 0.18923660449157997 0.5244964481244493 0.18923660449157997 0.5387989277968754 0.18388703360635078 0.5387989277968754
0 0.20356581221987236 0.5262842580835025 0.21178122465076002 0.5262842580835025 0.21178122465076002 0.5359895121469346 0.20356581221987236 0.5359895121469346
0 0.2308868349551499 0.527561265197112 0.2406306962103888 0.527561265197112 0.2406306962103888 0.5385435263741535 0.2308868349551499 0.5385435263741535
0 0.13249294188754196 0.6200165802224383 0.14051729821538572 0.6200165802224383 0.14051729821538572 0.6292110314404266 0.13249294188754196 0.6292110314404266
0 0.15675706697411715 0.6182287702633851 0.1634440305806536 0.6182287702633851 0.1634440305806536 0.6284448271722609 0.15675706697411715 0.6284448271722609
0 0.17586267727850705 0.6200165802224383 0.1846512580185264 0.6200165802224383 0.1846512580185264 0.6307434399767581 0.17586267727850705 0.6307434399767581
0 0.2068137659716186 0.6246138058314326 0.21693973943294526 0.6246138058314326 0.21693973943294526 0.6343190598948645 0.2068137659716186 0.6343190598948645
0 0.240248584004301 0.6241030029859886 0.24731765981692522 0.6241030029859886 0.24731765981692522 0.6340636584721426 0.240248584004301 0.6340636584721426
0 0.13784251277277113 0.6744170832622022 0.1449115885853954 0.6744170832622022 0.1449115885853954 0.6848885415938 0.13784251277277113 0.6848885415938
0 0.15350911322237085 0.6565389836716694 0.16210663785934631 0.6565389836716694 0.16210663785934631 0.6682874491168768 0.15350911322237085 0.6682874491168768
0 0.18446020191548246 0.669819857653208 0.19248455824332622 0.669819857653208 0.19248455824332622 0.6785035060257525 0.18446020191548246 0.6785035060257525
0 0.21120805634162831 0.6723738718804271 0.2211429736999111 0.6723738718804271 0.2211429736999111 0.6831007316347467 0.21120805634162831 0.6831007316347467
0 0.23528112532515957 0.670330660498652 0.24292336944691553 0.670330660498652 0.24292336944691553 0.6808021188302499 0.23528112532515957 0.6808021188302499
0 0.13349085475633327 0.771340867807382 0.14185942786486766 0.771340867807382 0.14185942786486766 0.7848497033893665 0.13349085475633327 0.7848497033893665
0 0.15070169379086631 0.7778842100424059 0.15796498365865091 0.7778842100424059 0.15796498365865091 0.789493365620674 0.15070169379086631 0.789493365620674
0 0.1732810514233271 0.7776731344864375 0.17912326283871904 0.7776731344864375 0.17912326283871904 0.7880158367288943 0.1732810514233271 0.7880158367288943
0 0.20043943962460858 0.7757734544827207 0.2083343199156788 0.7757734544827207 0.2083343199156788 0.7852718545013037 0.20043943962460858 0.7852718545013037
0 0.22270300204542656 0.7776731344864375 0.23012418951903257 0.7776731344864375 0.23012418951903257 0.7899155167326108 0.22270300204542656 0.7899155167326108
0 0.13585931884365435 0.8241097567995095 0.14454368716383156 0.8241097567995095 0.14454368716383156 0.8331860057061552 0.13585931884365435 0.8331860057061552
0 0.15749129084118668 0.8281201923629111 0.16380719507404284 0.8281201923629111 0.16380719507404284 0.8382518190493996 0.15749129084118668 0.8382518190493996
0 0.1777021843863264 0.8331860057061552 0.18591285988903944 0.8331860057061552 0.18591285988903944 0.8412068768329587 0.1777021843863264 0.8412068768329587
0 0.19633410187325212 0.8327638545942181 0.20422898216432225 0.8327638545942181 0.20422898216432225 0.8424733301687695 0.19633410187325212 0.8424733301687695
0 0.20880801273314303 0.8390961212732735 0.21622920020674902 0.8390961212732735 0.21622920020674902 0.8475391435120136 0.20880801273314303 0.8475391435120136
0 0.24970349264088668 0.8365632146016515 0.25633519208538563 0.8365632146016515 0.25633519208538563 0.8462726901762029 0.24970349264088668 0.8462726901762029
0 0.4506718820908974 0.0006332266679055272 0.4582509671703248 0.0006332266679055272 0.4582509671703248 0.007176568902929308 0.4506718820908974 0.007176568902929308
0 0.4691459019720017 0.0046436622313072 0.47656708944560766 0.0046436622313072 0.47656708944560766 0.012031306690205017 0.4691459019720017 0.012031306690205017
0 0.4936200308743194 0.008443022238740362 0.5018307063770323 0.008443022238740362 0.5018307063770323 0.01583066669763818 0.4936200308743194 0.01583066669763818
0 0.5176204669591727 0.002743982227590617 0.5247258592211359 0.002743982227590617 0.5247258592211359 0.010975928910362469 0.5176204669591727 0.010975928910362469
0 0.5398840293799908 0.005910115567118254 0.548568397700168 0.005910115567118254 0.548568397700168 0.012664533358110542 0.5398840293799908 0.012664533358110542
0 0.45225085814911153 0.05720147566746595 0.4620405097100386 0.05720147566746595 0.4620405097100386 0.06648880013008035 0.45225085814911153 0.06648880013008035
0 0.47309334211753684 0.05783470233537148 0.4813040176202498 0.05783470233537148 0.4813040176202498 0.06480019568233229 0.47309334211753684 0.06480019568233229
0 0.4977253686256759 0.05044705787647366 0.5062518393400317 0.05044705787647366 0.5062518393400317 0.05804577789133999 0.4977253686256759 0.05804577789133999
0 0.518883647805744 0.05150243565631621 0.5250416544327787 0.05150243565631621 0.5250416544327787 0.0607897601189306 0.518883647805744 0.0607897601189306
0 0.5420945958614904 0.046858773425009013 0.5507789641816675 0.046858773425009013 0.5507789641816675 0.05762362677940299 0.5420945958614904 0.05762362677940299
0 0.44814552039775507 0.15324085363313755 0.4574614791412178 0.15324085363313755 0.4574614791412178 0.1648500092114055 0.44814552039775507 0.1648500092114055
0 0.47151436605932284 0.14859719140183036 0.4781460655038218 0.14859719140183036 0.4781460655038218 0.1587288180883188 0.47151436605932284 0.1587288180883188
0 0.49188315721028386 0.15514053363685415 0.4977253686256759 0.15514053363685415 0.4977253686256759 0.16421678254350006 0.49188315721028386 0.16421678254350006
0 0.5105150746972097 0.15218547585329503 0.5193573406232084 0.15218547585329503 0.5193573406232084 0.16358355587559453 0.5105150746972097 0.16358355587559453
0 0.5315154562714564 0.14965256918167294 0.5406735174090977 0.14965256918167294 0.5406735174090977 0.16358355587559456 0.5315154562714564 0.16358355587559456
0 0.44704023715700525 0.21107555596850905 0.45525091265971823 0.21107555596850905 0.45525091265971823 0.221840409322903 0.44704023715700525 0.221840409322903
0 0.4678827211254305 0.2117087826364146 0.47546180620485795 0.2117087826364146 0.47546180620485795 0.22099610709902903 0.4678827211254305 0.22099610709902903
0 0.48477776494832076 0.20284360928573722 0.4937779284801408 0.20284360928573722 0.4937779284801408 0.21255308486028865 0.48477776494832076 0.21255308486028865
0 0.5079887130040672 0.20178823150589464 0.5166730813242444 0.20178823150589464 0.5166730813242444 0.21086448041254052 0.5079887130040672 0.21086448041254052
0 0.5255153472502431 0.2007328537260521 0.5351471012053488 0.2007328537260521 0.5351471012053488 0.21065340485657202 0.5255153472502431 0.21065340485657202
0 0.44751392997446937 0.3183019384005117 0.4580930695645035 0.3183019384005117 0.4580930695645035 0.3309664717586222 0.44751392997446937 0.3309664717586222
0 0.4760933966281435 0.3197794672922913 0.4828829936784638 0.3197794672922913 0.4828829936784638 0.32885571619893733 0.4760933966281435 0.32885571619893733
0 0.5029359896177822 0.3096478406058028 0.5124098459670664 0.3096478406058028 0.5124098459670664 0.32146807174003933 0.5029359896177822 0.32146807174003933
0 0.5272522209142784 0.3073260094901492 0.5351471012053485 0.3073260094901492 0.5351471012053485 0.31914624062438574 0.5272522209142784 0.31914624062438574
0 0.5564632779912382 0.3113364450535509 0.5624633870124516 0.3113364450535509 0.5624633870124516 0.32526743174747247 0.5564632779912382 0.32526743174747247
0 0.4565140935062894 0.3698043740568279 0.4640931785857169 0.3698043740568279 0.4640931785857169 0.37845847185153675 0.4565140935062894 0.37845847185153675
0 0.4805145295911429 0.3668493162732688 0.49030418115206986 0.3668493162732688 0.49030418115206986 0.37634771629185176 0.4805145295911429 0.37634771629185176
0 0.5041991704643534 0.3600948984822765 0.5127256411787092 0.3600948984822765 0.5127256411787092 0.37022652516876486 0.5041991704643534 0.37022652516876486
0 0.5270943233084571 0.3552401606950008 0.5356207940228128 0.3552401606950008 0.5356207940228128 0.36389425848970974 0.5270943233084571 0.36389425848970974
0 0.5495157833350964 0.3552401606950008 0.5577264588378094 0.3552401606950008 0.5577264588378094 0.36473856071358374 0.5495157833350964 0.36473856071358374
0 0.45068122306075575 0.4703819499926243 0.4584572064546425 0.4703819499926243 0.4584572064546425 0.47965302163742907 0.45068122306075575 0.47965302163742907
0 0.47716159894264026 0.4706628915576183 0.48598839090326834 0.4706628915576183 0.48598839090326834 0.4816196125923878 0.47716159894264026 0.4816196125923878
0 0.4941846977238516 0.4686963006026598 0.5019606811177383 0.4686963006026598 0.5019606811177383 0.4782483138124587 0.4941846977238516 0.4782483138124587
0 0.5183532947589048 0.46729159277768934 0.5273902484328812 0.46729159277768934 0.5273902484328812 0.4765626644224941 0.5183532947589048 0.4765626644224941
0 0.5423117300806097 0.4684153590376657 0.5519791688946312 0.4684153590376657 0.5519791688946312 0.4751579565975238 0.5423117300806097 0.4751579565975238
0 0.449420252780666 0.5248846136014769 0.45677591274785617 0.5248846136014769 0.45677591274785617 0.5333128605512993 0.449420252780666 0.5333128605512993
0 0.47253804124897786 0.5223561395165301 0.4801038629295162 0.5223561395165301 0.4801038629295162 0.5324700358563172 0.47253804124897786 0.5324700358563172
0 0.5021708428310865 0.5203895485615716 0.5099468262249732 0.5203895485615716 0.5099468262249732 0.5316272111613349 0.5021708428310865 0.5316272111613349
0 0.5212955587457808 0.521794256386542 0.5309629975598021 0.521794256386542 0.5309629975598021 0.5316272111613349 0.5212955587457808 0.5316272111613349
0 0.5488267431944067 0.521794256386542 0.5582840202950796 0.521794256386542 0.5582840202950796 0.5307843864663527 0.5488267431944067 0.5307843864663527
0 0.45530478075441816 0.6279901679543064 0.46245027900825997 0.6279901679543064 0.46245027900825997 0.6372612395991112 0.45530478075441816 0.6372612395991112
0 0.4710669092555398 0.6277092263893123 0.47884289264942653 0.6277092263893123 0.47884289264942653 0.636699356469123 0.4710669092555398 0.636699356469123
0 0.4971269617107276 0.62686640169433 0.5063740770980523 0.62686640169433 0.5063740770980523 0.6344518239491703 0.4971269617107276 0.6344518239491703
0 0.5189837798989496 0.6277092263893123 0.5267597632928364 0.6277092263893123 0.5267597632928364 0.6389468889890757 0.5189837798989496 0.6389468889890757
0 0.5393694660937337 0.623495102914401 0.5479860963410134 0.623495102914401 0.5479860963410134 0.6358565317741408 0.5393694660937337 0.6358565317741408
0 0.45005073792071093 0.6796834159132182 0.45740639788790105 0.6796834159132182 0.45740639788790105 0.6912020200779756 0.45005073792071093 0.6912020200779756
0 0.47484982009580906 0.682773773128153 0.4838867737697855 0.682773773128153 0.4838867737697855 0.6917639032079638 0.47484982009580906 0.6917639032079638
0 0.49754728513742424 0.685583188778094 0.5065842388114007 0.685583188778094 0.5065842388114007 0.6937304941629224 0.49754728513742424 0.6937304941629224
0 0.5246581461593535 0.6782787080882478 0.5313833209864988 0.6782787080882478 0.5313833209864988 0.6869878966030643 0.5246581461593535 0.6869878966030643
0 0.5408405980871717 0.6796834159132182 0.5492470666211032 0.6796834159132182 0.5492470666211032 0.6906401369479874 0.5408405980871717 0.6906401369479874
0 0.4555149424677664 0.7870030937409589 0.46224011729491166 0.7870030937409589 0.46224011729491166 0.7965551069507577 0.4555149424677664 0.7965551069507577
0 0.47779208408268503 0.7777320220961541 0.48766968461005467 0.7777320220961541 0.48766968461005467 0.7895315678259057 0.47779208408268503 0.7895315678259057
0 0.5028013279711314 0.7808223793110891 0.5105773113650182 0.7808223793110891 0.5105773113650182 0.790936275650876 0.5028013279711314 0.790936275650876
0 0.5292817038530158 0.7827889702660513 0.5362170403935104 0.7827889702660513 0.5362170403935104 0.7926219250408442 0.5292817038530158 0.7926219250408442
0 0.5469352877742721 0.7836317949610299 0.5551315945948554 0.7836317949610299 0.5551315945948554 0.790936275650876 0.5469352877742721 0.790936275650876
0 0.4546742956143732 0.8375725754398943 0.4599283384480805 0.8375725754398943 0.4599283384480805 0.8471245886496932 0.4546742956143732 0.8471245886496932
0 0.47947337778947136 0.8358869260499299 0.4855680674765717 0.8358869260499299 0.4855680674765717 0.8448770561297405 0.47947337778947136 0.8448770561297405
0 0.5019606811177383 0.8291443284900717 0.508265532518187 0.8291443284900717 0.508265532518187 0.8386963416998706 0.5019606811177383 0.8386963416998706
0 0.5311731592731505 0.8277396206651014 0.5385288192403406 0.8277396206651014 0.5385288192403406 0.8375725754398943 0.5311731592731505 0.8375725754398943
0 0.5553417563082036 0.8319537441400124 0.563538063128787 0.8319537441400124 0.563538063128787 0.839820107959847 0.5553417563082036 0.839820107959847
