0 0.12659561962786664 0.16963118149887402 0.1361484247800616 0.16963118149887402 0.1361484247800616 0.1785702312941404 0.12659561962786664 0.1785702312941404
0 0.16767268178230488 0.177037822757809 0.17359542097666578 0.177037822757809 0.17359542097666578 0.18802008393485053 0.16767268178230488 0.18802008393485053
0 0.20511967797890912 0.17295139999425868 0.21180664158544557 0.17295139999425868 0.21180664158544557 0.1841890625940221 0.20511967797890912 0.1841890625940221
0 0.12392083418525206 0.22633029734313492 0.13232730271918364 0.22633029734313492 0.13232730271918364 0.23603555140656696 0.12392083418525206 0.23603555140656696
0 0.1514329130235735 0.22709650161130063 0.15850198883619773 0.22709650161130063 0.15850198883619773 0.2342477414475137 0.1514329130235735 0.2342477414475137
0 0.2009164437119433 0.22556409307496925 0.20874974393674317 0.22556409307496925 0.20874974393674317 0.2352693471384013 0.2009164437119433 0.2352693471384013
0 0.24753413285465464 0.22326548027047216 0.2561316574916301 0.22326548027047216 0.2561316574916301 0.2337369386020699 0.24753413285465464 0.2337369386020699
0 0.2526926476368399 0.1711635900352054 0.26300967720121043 0.1711635900352054 0.26300967720121043 0.1824012526349688 0.2526926476368399 0.1824012526349688
0 0.28784697059691733 0.22326548027047216 0.296062383027805 0.22326548027047216 0.296062383027805 0.23654635425201073 0.28784697059691733 0.23654635425201073
0 0.299883505088683 0.17448380853059003 0.30695258090130717 0.17448380853059003 0.30695258090130717 0.18291205548041264 0.299883505088683 0.18291205548041264
0 0.1385503532618791 0.31736446264272083 0.1473771452225072 0.31736446264272083 0.1473771452225072 0.32523082646255524 0.1385503532618791 0.32523082646255524
0 0.16860347827068436 0.3182072873377031 0.17806075537135738 0.3182072873377031 0.17806075537135738 0.3252308264625552 0.16860347827068436 0.3252308264625552
0 0.14632633665576578 0.3727099509465557 0.15389215833630412 0.3727099509465557 0.15389215833630412 0.38057631476639014 0.14632633665576578 0.38057631476639014
0 0.20159886726636572 0.3656864118217036 0.20727323352676952 0.3656864118217036 0.20727323352676952 0.37664313285647294 0.20159886726636572 0.37664313285647294
0 0.17637946166457105 0.3701814768616089 0.18331479820506458 0.3701814768616089 0.18331479820506458 0.3797334900714079 0.17637946166457105 0.3797334900714079
0 0.21063582094034217 0.3165216379477386 0.217781319194184 0.3165216379477386 0.217781319194184 0.32832118367749014 0.21063582094034217 0.32832118367749014
0 0.25603075102357253 0.3184882289026972 0.2633864109907627 0.3184882289026972 0.2633864109907627 0.32691647585251976 0.25603075102357253 0.32691647585251976
0 0.2501462230498204 0.3676530027766622 0.2560307510235725 0.3676530027766622 0.2560307510235725 0.37804784068144326 0.2501462230498204 0.37804784068144326
0 0.30142568110680296 0.3266355342875256 0.3100423113540828 0.3266355342875256 0.3100423113540828 0.33478283967235417 0.30142568110680296 0.33478283967235417
0 0.3062594005138136 0.36287699617176267 0.317397971321273 0.36287699617176267 0.317397971321273 0.3715861846865794 0.3062594005138136 0.3715861846865794
0 0.44393656632325146 0.15863534032330046 0.45276335828387954 0.15863534032330046 0.45276335828387954 0.16931111979307573 0.44393656632325146 0.16931111979307573
0 0.4367910680694096 0.2027431660273719 0.44477721317664465 0.2027431660273719 0.44477721317664465 0.21369988706214127 0.4367910680694096 0.21369988706214127
0 0.47672179360558453 0.21482365332211764 0.4828164832926849 0.21482365332211764 0.4828164832926849 0.22802790687683963 0.47672179360558453 0.22802790687683963
0 0.5139204168682316 0.16706358727312304 0.5221167236888149 0.16706358727312304 0.5221167236888149 0.1760537173529338 0.5139204168682316 0.1760537173529338
0 0.5214862385487701 0.21988060149201114 0.5292622219426567 0.21988060149201114 0.5292622219426567 0.22943261470181003 0.5214862385487701 0.22943261470181003
0 0.5580543766713724 0.21369988706214127 0.5677218154853938 0.21369988706214127 0.5677218154853938 0.22240907557695794 0.5580543766713724 0.22240907557695794
0 0.5630982577917313 0.16509699631816446 0.5704539177589213 0.16509699631816446 0.5704539177589213 0.1757727757879397 0.5630982577917313 0.1757727757879397
0 0.6011375279077715 0.2106095298472063 0.6114354518618376 0.2106095298472063 0.6114354518618376 0.22212813401196388 0.6011375279077715 0.22212813401196388
0 0.6168996564088932 0.16622076257814078 0.6257264483695213 0.16622076257814078 0.6257264483695213 0.1760537173529338 0.6168996564088932 0.1760537173529338
0 0.450871902863745 0.30922001916013037 0.45864788625763164 0.30922001916013037 0.45864788625763164 0.3201767401948997 0.450871902863745 0.3201767401948997
0 0.4884908495530887 0.3019155384702842 0.4964769946603236 0.3019155384702842 0.4964769946603236 0.30922001916013037 0.4884908495530887 0.30922001916013037
0 0.4372113914961062 0.36428456589897124 0.4460381834567343 0.36428456589897124 0.4460381834567343 0.3755222284987346 0.4372113914961062 0.3755222284987346
0 0.4790335724524157 0.36597021528893564 0.4889111729797853 0.36597021528893564 0.4889111729797853 0.3755222284987346 0.4790335724524157 0.3755222284987346
0 0.5370382053365433 0.3066915450751836 0.5469158058639129 0.3066915450751836 0.5469158058639129 0.31989579862990564 0.5370382053365433 0.31989579862990564
0 0.5921005742337951 0.30865813603014225 0.6015578513344682 0.30865813603014225 0.6015578513344682 0.32045768175989375 0.5921005742337951 0.32045768175989375
0 0.5885278251068742 0.3640036243339771 0.5973546170675023 0.3640036243339771 0.5973546170675023 0.3727128128487938 0.5885278251068742 0.3727128128487938
0 0.6301398443498354 0.363722682768983 0.6387564745971153 0.363722682768983 0.6387564745971153 0.37636505319371677 0.6301398443498354 0.37636505319371677
0 0.6349735637568459 0.30837719446514816 0.6433800322907776 0.30837719446514816 0.6433800322907776 0.3182101492399411 0.6349735637568459 0.3182101492399411
0 0.7728151878704999 0.17046945756711765 0.778699715844252 0.17046945756711765 0.778699715844252 0.17889770451694026 0.7728151878704999 0.17889770451694026
0 0.8150576922535059 0.17384075634704668 0.8228336756473926 0.17384075634704668 0.8228336756473926 0.18339276955684558 0.8150576922535059 0.18339276955684558
0 0.7711338941637135 0.22216270552602943 0.7789098775576004 0.22216270552602943 0.7789098775576004 0.23227660186581653 0.7711338941637135 0.23227660186581653
0 0.8140068836867644 0.2280624783909052 0.8205218968005614 0.2280624783909052 0.8205218968005614 0.23649072534072785 0.8140068836867644 0.23649072534072785
0 0.8619237543301743 0.18254994486186338 0.8709607080041508 0.18254994486186338 0.8709607080041508 0.19041630868169776 0.8619237543301743 0.19041630868169776
0 0.8991223775928215 0.17524546417201714 0.9077390078401012 0.17524546417201714 0.9077390078401012 0.18254994486186332 0.8991223775928215 0.18254994486186332
0 0.9396835882690412 0.18367371112183967 0.9474595716629279 0.18367371112183967 0.9474595716629279 0.19238289963665628 0.9396835882690412 0.19238289963665628
0 0.9323279283018511 0.23368130969078693 0.9388429414156481 0.23368130969078693 0.9388429414156481 0.24323332290058586 0.9323279283018511 0.24323332290058586
0 0.8944988198991591 0.243795206030574 0.9022748032930459 0.243795206030574 0.9022748032930459 0.25222345298039656 0.8944988198991591 0.25222345298039656
