0 0.4527212626959472 0.314920064346225 0.45959928240552755 0.314920064346225 0.45959928240552755 0.32488071983237904 0.4527212626959472 0.32488071983237904
0 0.47220898520642485 0.314920064346225 0.4790870049160052 0.314920064346225 0.4790870049160052 0.3243699169869352 0.47220898520642485 0.3243699169869352
0 0.4928430443351659 0.31466466292350315 0.5008674006630097 0.31466466292350315 0.5008674006630097 0.3243699169869352 0.4928430443351659 0.3243699169869352
0 0.509655981403029 0.31696327572800015 0.5161518889065216 0.31696327572800015 0.5161518889065216 0.3264131283687103 0.509655981403029 0.3264131283687103
0 0.5299079283256823 0.3154308671916688 0.5373591163443945 0.3154308671916688 0.5373591163443945 0.3256469241005446 0.5299079283256823 0.3256469241005446
0 0.45711555306595675 0.378515018603977 0.4649488532907567 0.378515018603977 0.4649488532907567 0.38924187835829666 0.45711555306595675 0.38924187835829666
0 0.4825260147707953 0.37187458161320774 0.4895950905834196 0.37187458161320774 0.4895950905834196 0.3843892513265807 0.4825260147707953 0.3843892513265807
0 0.5054527471360633 0.37059757449959835 0.5125218229486875 0.37059757449959835 0.5125218229486875 0.38157983567663983 0.5054527471360633 0.38157983567663983
0 0.526659974573936 0.3677881588496575 0.5339201064896042 0.3677881588496575 0.5339201064896042 0.3769826100676457 0.526659974573936 0.3769826100676457
0 0.5492045947331161 0.36855436311782314 0.5553183900305209 0.36855436311782314 0.5553183900305209 0.3767272086449238 0.5492045947331161 0.3767272086449238
0 0.4601724507146592 0.47786617204279463 0.46571307770293235 0.47786617204279463 0.46571307770293235 0.486805221838061 0.4601724507146592 0.486805221838061
0 0.48462763190427827 0.47939858057912604 0.49303410043820983 0.47939858057912604 0.49303410043820983 0.4883376303743924 0.48462763190427827 0.4883376303743924
0 0.5111844302273801 0.481952594806345 0.51901773045218 0.481952594806345 0.51901773045218 0.49395646167427415 0.5111844302273801 0.49395646167427415
0 0.5425176311265796 0.47786617204279463 0.5501598752483357 0.47786617204279463 0.5501598752483357 0.4883376303743923 0.5425176311265796 0.4883376303743923
0 0.566399644007067 0.47863237631096034 0.5748061125409986 0.47863237631096034 0.5748061125409986 0.48603901756989526 0.566399644007067 0.48603901756989526
0 0.4848186880073222 0.5368639006915525 0.49284304433516585 0.5368639006915525 0.49284304433516585 0.5452921476413752 0.4848186880073222 0.5452921476413752
0 0.5062169715482389 0.5330328793507242 0.5144323839791265 0.5330328793507242 0.5144323839791265 0.5427381334141561 0.5062169715482389 0.5427381334141561
0 0.5320095454591651 0.5266478437826767 0.5383143968596137 0.5266478437826767 0.5383143968596137 0.5376301049597182 0.5320095454591651 0.5376301049597182
0 0.5516883240726869 0.5266478437826767 0.5585663437822671 0.5266478437826767 0.5585663437822671 0.5368639006915525 0.5516883240726869 0.5368639006915525
0 0.4544407676233423 0.6265098000669381 0.4605545629207471 0.6265098000669381 0.4605545629207471 0.6334056384804293 0.4544407676233423 0.6334056384804293
0 0.479660173225137 0.6285530114487132 0.48692030514080503 0.6285530114487132 0.48692030514080503 0.6377474626667017 0.479660173225137 0.6377474626667017
0 0.5058348593421511 0.6272760043351038 0.5125218229486875 0.6272760043351038 0.5125218229486875 0.6372366598212577 0.5058348593421511 0.6372366598212577
0 0.5283794795013311 0.6214017716125002 0.5354485553139554 0.6214017716125002 0.5354485553139554 0.6311070256759321 0.5283794795013311 0.6311070256759321
0 0.5522614923818185 0.6206355673443344 0.5599037365035745 0.6206355673443344 0.5599037365035745 0.6300854199850446 0.5522614923818185 0.6300854199850446
0 0.455013935932474 0.6832089159111989 0.4613187873329227 0.6832089159111989 0.4613187873329227 0.6918925642837436 0.455013935932474 0.6918925642837436
0 0.48042439763731243 0.6837197187566428 0.48921297837733185 0.6837197187566428 0.48921297837733185 0.6918925642837436 0.48042439763731243 0.6918925642837436
0 0.5046885227238876 0.6893385500565244 0.5117575985365119 0.6893385500565244 0.5117575985365119 0.6992992055426783 0.5046885227238876 0.6992992055426783
0 0.5295258161195946 0.683464317333921 0.5371680602413504 0.683464317333921 0.5371680602413504 0.6921479657064655 0.5295258161195946 0.6921479657064655
0 0.5526436045879063 0.6816765073748676 0.5616232414309695 0.6816765073748676 0.5616232414309695 0.6908709585928557 0.5526436045879063 0.6908709585928557
0 0.46456674108466883 0.7899667106089515 0.4716358168972931 0.7899667106089515 0.4716358168972931 0.7989057604042179 0.46456674108466883 0.7989057604042179
0 0.4920788199229903 0.791754520568005 0.49933895183865845 0.791754520568005 0.49933895183865845 0.8004381689405493 0.4920788199229903 0.8004381689405493
0 0.5207372353795752 0.7902221120316736 0.5272331428830677 0.7902221120316736 0.5272331428830677 0.7996719646723837 0.5207372353795752 0.7996719646723837
0 0.545574528775282 0.7879234992271763 0.5520704362787746 0.7879234992271763 0.5520704362787746 0.7978841547133303 0.545574528775282 0.7978841547133303
0 0.5667817562131549 0.7914991191452828 0.574232944231867 0.7914991191452828 0.574232944231867 0.7994165632496617 0.5667817562131549 0.7994165632496617
0 0.458644001890308 0.8448780164941592 0.4670504704242395 0.8448780164941592 0.4670504704242395 0.8520292563303722 0.458644001890308 0.8520292563303722
0 0.5153876644943459 0.8430902065351059 0.5232209647191458 0.8430902065351059 0.5232209647191458 0.850496847794041 0.5153876644943459 0.850496847794041
0 0.5404160139930967 0.8430902065351059 0.5469119214965893 0.8430902065351059 0.5469119214965893 0.8515184534849286 0.5404160139930967 0.8515184534849286
0 0.5604769048127062 0.840280790885165 0.5685012611405498 0.840280790885165 0.5685012611405498 0.8497306435258752 0.5604769048127062 0.8497306435258752
0 0.5820662444566668 0.8397699880397212 0.5891353202692909 0.8397699880397212 0.5891353202692909 0.8481982349895437 0.5820662444566668 0.8481982349895437
