0 0.44286588720398234 0.1503322339825678 0.4503344439593347 0.1503322339825678 0.4503344439593347 0.1584586428873554 0.44286588720398234 0.1584586428873554
0 0.4821192320111834 0.14870695220161026 0.4894141014001323 0.14870695220161026 0.4894141014001323 0.15474371310230964 0.4821192320111834 0.15474371310230964
0 0.5015722170483804 0.14893913531317562 0.509735523269347 0.14893913531317562 0.509735523269347 0.15822645977579003 0.5015722170483804 0.15822645977579003
0 0.5415203113211955 0.15102878331726388 0.5502046796413728 0.15102878331726388 0.5502046796413728 0.15938737533361685 0.5415203113211955 0.15938737533361685
0 0.44251851247117524 0.20071596919225093 0.45016075659293125 0.20071596919225093 0.45016075659293125 0.21046765987799604 0.44251851247117524 0.21046765987799604
0 0.4817718572783763 0.20071596919225093 0.48924041403372864 0.20071596919225093 0.48924041403372864 0.2093067443201692 0.4817718572783763 0.2093067443201692
0 0.509735523269347 0.20164470163851234 0.5194620157879454 0.20164470163851234 0.5194620157879454 0.21139639232425741 0.509735523269347 0.21139639232425741
0 0.5453414333820735 0.2011803354153816 0.555067925900672 0.2011803354153816 0.555067925900672 0.2127894909936496 0.5453414333820735 0.2127894909936496
0 0.5812947182276073 0.20141251852694694 0.5894580244485739 0.20141251852694694 0.5894580244485739 0.20907456120860382 0.5812947182276073 0.20907456120860382
0 0.4421711377383682 0.30914548229327404 0.4503344439593348 0.30914548229327404 0.4503344439593348 0.32052245475997654 0.4421711377383682 0.32052245475997654
0 0.47777704785109487 0.30032252405379034 0.48611404143846504 0.30032252405379034 0.48611404143846504 0.3082167498470126 0.47777704785109487 0.3082167498470126
0 0.5189409536887349 0.311699496520493 0.5279726967417193 0.311699496520493 0.5279726967417193 0.3223799196524995 0.5189409536887349 0.3223799196524995
0 0.5422150607868099 0.3068236511776204 0.5503783670077765 0.3068236511776204 0.5503783670077765 0.31773625742119227 0.5422150607868099 0.31773625742119227
0 0.5642733563200599 0.2954466787109178 0.5710471636097981 0.2954466787109178 0.5710471636097981 0.30612710184292435 0.5642733563200599 0.30612710184292435
0 0.44251851247117524 0.3548855552716499 0.45033444395933475 0.3548855552716499 0.45033444395933475 0.36719126018461395 0.44251851247117524 0.36719126018461395
0 0.46770318059968913 0.3516349917097348 0.4777770478510948 0.3516349917097348 0.4777770478510948 0.362083231730176 0.46770318059968913 0.362083231730176
0 0.4993142812851342 0.3514028085981694 0.5095618359029433 0.3514028085981694 0.5095618359029433 0.36138668239547994 0.4993142812851342 0.36138668239547994
0 0.5265831978104907 0.3539568228253884 0.534920191397861 0.3539568228253884 0.534920191397861 0.36463724595739494 0.5265831978104907 0.36463724595739494
0 0.5503783670077764 0.35929703439139177 0.5613206710911997 0.35929703439139177 0.5613206710911997 0.37090618996965974 0.5503783670077764 0.37090618996965974
0 0.4497674480111579 0.4633822287768448 0.4575187850242087 0.4633822287768448 0.4575187850242087 0.4722090247537098 0.4497674480111579 0.4722090247537098
0 0.47517460822060203 0.4629984550387203 0.4829259452336528 0.4629984550387203 0.4829259452336528 0.4716333641465229 0.47517460822060203 0.4716333641465229
0 0.5020172012102407 0.4658767580746545 0.5104862546133888 0.4658767580746545 0.5104862546133888 0.47758185708745365 0.5020172012102407 0.47758185708745365
0 0.5407738862754944 0.4658767580746545 0.5495300262346814 0.4658767580746545 0.5495300262346814 0.47623864900401763 0.5407738862754944 0.47623864900401763
0 0.577951595282534 0.46549298433653 0.5868512785197404 0.46549298433653 0.5868512785197404 0.4760467621349554 0.577951595282534 0.4760467621349554
0 0.4507722509572941 0.5209482894955292 0.46038965058459785 0.5209482894955292 0.46038965058459785 0.5313101804248922 0.4507722509572941 0.5313101804248922
0 0.48192114228751654 0.5257454612220861 0.48981602257858664 0.5257454612220861 0.48981602257858664 0.5364911258895739 0.48192114228751654 0.5364911258895739
0 0.5139312932858557 0.5220996107099029 0.5216826302989064 0.5220996107099029 0.5216826302989064 0.5313101804248923 0.5139312932858557 0.5313101804248923
0 0.5524008917950706 0.5149997965545984 0.5613005750322769 0.5149997965545984 0.5613005750322769 0.524210366269588 0.5524008917950706 0.524210366269588
0 0.5765161625023395 0.5130809278639756 0.5849852159054876 0.5130809278639756 0.5849852159054876 0.523634705662401 0.5765161625023395 0.523634705662401
0 0.45794941485826707 0.6249509725272854 0.46670555481745407 0.6249509725272854 0.46670555481745407 0.6330102210279012 0.45794941485826707 0.6330102210279012
0 0.4879499599643339 0.6259104068725967 0.4954142104213456 0.6259104068725967 0.4954142104213456 0.6358885240638354 0.4879499599643339 0.6358885240638354
0 0.5143619231199141 0.6282130493013441 0.5228309765230622 0.6282130493013441 0.5228309765230622 0.6379992796235204 0.5143619231199141 0.6379992796235204
0 0.5539798678532846 0.62955625738478 0.5620182914223742 0.62955625738478 0.5620182914223742 0.639726261445081 0.5539798678532846 0.639726261445081
0 0.5865641919637017 0.6276373886941573 0.5960380483129859 0.6276373886941573 0.5960380483129859 0.6393424877069565 0.5865641919637017 0.6393424877069565
0 0.4501980778452163 0.6746496716144162 0.45708815519015034 0.6746496716144162 0.45708815519015034 0.6830926938531565 0.4501980778452163 0.6830926938531565
0 0.4812034258974193 0.6942221322587689 0.48866767635443115 0.6942221322587689 0.48866767635443115 0.7032408151046959 0.4812034258974193 0.7032408151046959
0 0.5097685382232914 0.6819413726387829 0.5190988512945562 0.6819413726387829 0.5190988512945562 0.6940302453897064 0.5097685382232914 0.6940302453897064
0 0.5397690833293582 0.6953734534731424 0.5490993964006231 0.6953734534731424 0.5490993964006231 0.7040083625809452 0.5397690833293582 0.7040083625809452
0 0.5790999415066898 0.6938383585206442 0.586707735241721 0.6938383585206442 0.586707735241721 0.7053515706643813 0.5790999415066898 0.7053515706643813
0 0.7868382321411045 0.32623753005751255 0.7947331124321747 0.32623753005751255 0.7947331124321747 0.33489162785222143 0.7868382321411045 0.33489162785222143
0 0.810522873014315 0.3253932278336385 0.8211020126043491 0.3253932278336385 0.8211020126043491 0.3342584011843159 0.810522873014315 0.3342584011843159
0 0.839418134879632 0.32792613450526065 0.8465235271415952 0.32792613450526065 0.8465235271415952 0.3384799123036861 0.839418134879632 0.3384799123036861
0 0.8736819153428766 0.3323587211805993 0.8823662836630539 0.3323587211805993 0.8823662836630539 0.3427014234230563 0.8736819153428766 0.3427014234230563
0 0.7884172081993185 0.37647351237801774 0.7955226004612816 0.37647351237801774 0.7955226004612816 0.3868162146204747 0.7884172081993185 0.3868162146204747
0 0.8207862173927064 0.3800617968294824 0.828049507260491 0.3800617968294824 0.828049507260491 0.3912488012958134 0.8207862173927064 0.3912488012958134
0 0.8558394858850581 0.38744944128838016 0.8623132877237356 0.38744944128838016 0.8623132877237356 0.39525923685921505 0.8558394858850581 0.39525923685921505
0 0.8844189525387323 0.39420385907937244 0.8923138328298024 0.39420385907937244 0.8923138328298024 0.4049687124337664 0.8844189525387323 0.4049687124337664
0 0.89878763466848 0.3870272901764431 0.9065246173537287 0.3870272901764431 0.9065246173537287 0.3977921435308371 0.89878763466848 0.3977921435308371
0 0.7705747787414998 0.4687135303362562 0.7773643757918202 0.4687135303362562 0.7773643757918202 0.4792673081346817 0.7705747787414998 0.4792673081346817
0 0.7982068597602455 0.4651252458847914 0.8038911735698162 0.4651252458847914 0.8038911735698162 0.47525687257127996 0.7982068597602455 0.47525687257127996
0 0.8263126335964555 0.4718796636757838 0.8316811521943831 0.4718796636757838 0.8316811521943831 0.48369989481002024 0.8263126335964555 0.48369989481002024
0 0.8594711308189502 0.4735682681235319 0.8665765230809134 0.4735682681235319 0.8665765230809134 0.48201129036227225 0.8594711308189502 0.48201129036227225
0 0.885524235779482 0.4718796636757838 0.8915243448006953 0.4718796636757838 0.8915243448006953 0.4830666681421148 0.885524235779482 0.4830666681421148
0 0.7702589835298571 0.525915006003722 0.778785454244213 0.525915006003722 0.778785454244213 0.5356244815782735 0.7702589835298571 0.5356244815782735
0 0.7983647573660668 0.5292922148992183 0.8067333304746014 0.5292922148992183 0.8067333304746014 0.5392127660297381 0.7983647573660668 0.5392127660297381
0 0.8282074048663123 0.5288700637872812 0.8359443875515611 0.5288700637872812 0.8359443875515611 0.5390016904737697 0.8282074048663123 0.5390016904737697
0 0.8577342571549148 0.5206381171045094 0.8635764685703068 0.5206381171045094 0.8635764685703068 0.5305586682350293 0.8577342571549148 0.5305586682350293
0 0.8901032663483028 0.5244374771119424 0.8981560442451944 0.5244374771119424 0.8981560442451944 0.5326694237947144 0.8901032663483028 0.5326694237947144
0 0.7716800619822499 0.6187882506298661 0.7789433518500344 0.6187882506298661 0.7789433518500344 0.6301863306521656 0.7716800619822499 0.6301863306521656
0 0.8037332759639948 0.6215322328574566 0.8103649754084937 0.6215322328574566 0.8103649754084937 0.6306084817641026 0.8037332759639948 0.6306084817641026
0 0.8698923728031631 0.6196325528537401 0.8782609459116977 0.6196325528537401 0.8782609459116977 0.6289198773163545 0.8698923728031631 0.6289198773163545
0 0.7712063691647856 0.6726125174018358 0.7757853997336063 0.6726125174018358 0.7757853997336063 0.6844327485360722 0.7712063691647856 0.6844327485360722
0 0.801522709482495 0.6717682151779618 0.8103649754084937 0.6717682151779618 0.8103649754084937 0.6823219929763872 0.801522709482495 0.6823219929763872
0 0.8449445510833812 0.675989726297332 0.8539447146152014 0.675989726297332 0.8539447146152014 0.6859102774278519 0.8449445510833812 0.6859102774278519
0 0.8795241267582686 0.6694463840623083 0.8875769046551601 0.6694463840623083 0.8875769046551601 0.6789447840808912 0.8795241267582686 0.6789447840808912
0 0.9118638475247526 0.6157937196065849 0.9164411696414783 0.6157937196065849 0.9164411696414783 0.6225925054794419 0.9118638475247526 0.6225925054794419
0 0.9141525085831155 0.6657647957720829 0.9197470133924468 0.6657647957720829 0.9197470133924468 0.6763029138750112 0.9141525085831155 0.6763029138750112
