0 0.4427285583913264 0.14643633840497342 0.4502943800718648 0.14643633840497342 0.4502943800718648 0.15542646848478417 0.4427285583913264 0.15542646848478417
0 0.443148881818023 0.19728676166890297 0.4505045417852131 0.19728676166890297 0.4505045417852131 0.20599595018371955 0.443148881818023 0.20599595018371955
0 0.48034750508067003 0.14390786432002667 0.48959462046799485 0.14390786432002667 0.48959462046799485 0.15233611126984922 0.48034750508067003 0.15233611126984922
0 0.4795068582272769 0.19588205384393256 0.48938445875464637 0.19588205384393256 0.48938445875464637 0.20655783331370778 0.4795068582272769 0.20655783331370778
0 0.501363676415499 0.14475068901500895 0.5097701449494304 0.14475068901500895 0.5097701449494304 0.15570741004977828 0.501363676415499 0.15570741004977828
0 0.509349821522734 0.1964439369739207 0.5196477454768001 0.1964439369739207 0.5196477454768001 0.20711971644369592 0.509349821522734 0.20711971644369592
0 0.5415045636650222 0.14559351370999118 0.5488602236322122 0.14559351370999118 0.5488602236322122 0.1545836437898019 0.5415045636650222 0.1545836437898019
0 0.5457077979319879 0.19756770323389702 0.5543244281792677 0.19756770323389702 0.5543244281792677 0.20711971644369595 0.5457077979319879 0.20711971644369595
0 0.5795438337810624 0.1964439369739207 0.5902620811618252 0.1964439369739207 0.5902620811618252 0.20459124235874918 0.5795438337810624 0.20459124235874918
0 0.4415453479451755 0.30608700154416246 0.4509542878517785 0.30608700154416246 0.4509542878517785 0.31798487682166193 0.4415453479451755 0.31798487682166193
0 0.4766381508400729 0.29860833708401985 0.48706427343928144 0.29860833708401985 0.48706427343928144 0.3060870015441625 0.4766381508400729 0.3060870015441625
0 0.5173254585443016 0.31016627306787653 0.528768763836116 0.31016627306787653 0.528768763836116 0.31832481611530483 0.5173254585443016 0.31832481611530483
0 0.5427550258594446 0.30200773002044834 0.5496210090345331 0.30200773002044834 0.5496210090345331 0.3152653624725192 0.5427550258594446 0.3152653624725192
0 0.564370158077316 0.2907897333302345 0.5714904369255561 0.2907897333302345 0.5714904369255561 0.30404736578230535 0.564370158077316 0.30404736578230535
0 0.4423082349646299 0.35265868477323203 0.45044569650547567 0.35265868477323203 0.45044569650547567 0.36523643863801725 0.4423082349646299 0.36523643863801725
0 0.4662120282408642 0.3502791097177321 0.47816392487898135 0.3502791097177321 0.47816392487898135 0.36047728852701744 0.4662120282408642 0.36047728852701744
0 0.5005419441163073 0.34891935254316075 0.5089337013303044 0.34891935254316075 0.5089337013303044 0.35945747064608885 0.5005419441163073 0.35945747064608885
0 0.5262258071046017 0.3529986240668749 0.535380451338053 0.3529986240668749 0.535380451338053 0.36149710640794586 0.5262258071046017 0.36149710640794586
0 0.5514010787465932 0.3584376527651603 0.5610643143263475 0.3584376527651603 0.5610643143263475 0.36727607439987414 0.5514010787465932 0.36727607439987414
0 0.4495194070131127 0.4599238465320269 0.4573353385012722 0.4599238465320269 0.4573353385012722 0.4703720865524681 0.4495194070131127 0.4703720865524681
0 0.4750514498744337 0.4601560296435923 0.48338844346180393 0.4601560296435923 0.48338844346180393 0.4692111709946413 0.4750514498744337 0.4692111709946413
0 0.5014519295677725 0.46387095942863804 0.510483672620757 0.46387095942863804 0.510483672620757 0.4747835656722101 0.5014519295677725 0.4747835656722101
0 0.5407052743749736 0.46340659320550737 0.5488685805959401 0.46340659320550737 0.5488685805959401 0.4745513825606446 0.5407052743749736 0.4745513825606446
0 0.4509089059443411 0.518666173758063 0.4599406489973254 0.518666173758063 0.4599406489973254 0.5274891319975467 0.4509089059443411 0.5274891319975467
0 0.4814778824313649 0.5221489204315434 0.49050962548434923 0.5221489204315434 0.49050962548434923 0.5339902591213768 0.4814778824313649 0.5339902591213768
0 0.5139574199488277 0.5182018075349323 0.5231628503682155 0.5182018075349323 0.5231628503682155 0.5291144137785043 0.5139574199488277 0.5291144137785043
0 0.5513002037255897 0.5117006804111023 0.5610266962441882 0.5117006804111023 0.5610266962441882 0.5209880048737168 0.5513002037255897 0.5209880048737168
0 0.5752690602892789 0.5110041310764063 0.585516614907088 0.5110041310764063 0.585516614907088 0.520523638650586 0.5752690602892789 0.520523638650586
0 0.5790901823501569 0.4641031425402035 0.5876008633039306 0.4641031425402035 0.5876008633039306 0.47385483322594874 0.5790901823501569 0.47385483322594874
