0 0.14210042215701885 0.017200928258327888 0.15189080557334889 0.017200928258327888 0.15189080557334889 0.029166791394555983 0.14210042215701885 0.029166791394555983
0 0.16559734235621093 0.019818460819377787 0.1725904733678752 0.019818460819377787 0.1725904733678752 0.02879285817154886 0.16559734235621093 0.02879285817154886
0 0.1935698664028682 0.024305659495463316 0.20028327217406594 0.024305659495463316 0.20028327217406594 0.03178432395560588 0.1935698664028682 0.03178432395560588
0 0.21622761088066056 0.01907059437336353 0.2251788185755909 0.01907059437336353 0.2251788185755909 0.025053525941477577 0.21622761088066056 0.025053525941477577
0 0.2483960135343164 0.02094026048839916 0.25566886978644726 0.02094026048839916 0.25566886978644726 0.026175325610498956 0.2483960135343164 0.026175325610498956
0 0.14433822408075142 0.0721691120403757 0.15245025605428203 0.0721691120403757 0.15245025605428203 0.08301317550758242 0.14433822408075142 0.08301317550758242
0 0.16923377048227636 0.0732909117093971 0.17762552769627354 0.0732909117093971 0.17762552769627354 0.0826392422845753 0.16923377048227636 0.0826392422845753
0 0.19217124020053528 0.07665631071646124 0.1994440964526662 0.07665631071646124 0.1994440964526662 0.08563070806863232 0.19217124020053528 0.08563070806863232
0 0.21790596232345996 0.0732909117093971 0.22489909333512428 0.0732909117093971 0.22489909333512428 0.0826392422845753 0.21790596232345996 0.0826392422845753
0 0.24671766209151694 0.06955157947932582 0.25175271641991526 0.06955157947932582 0.25175271641991526 0.07964777650051827 0.24671766209151694 0.07964777650051827
0 0.13958289499281967 0.16266095200810068 0.146576026004484 0.16266095200810068 0.146576026004484 0.17013961646824327 0.13958289499281967 0.17013961646824327
0 0.17035267144414268 0.16116521911607218 0.17650662673440726 0.16116521911607218 0.17650662673440726 0.17163534936027172 0.17035267144414268 0.17163534936027172
0 0.1955279430861342 0.1604173526700579 0.20168189837639877 0.1604173526700579 0.20168189837639877 0.1697656832452361 0.1955279430861342 0.1697656832452361
0 0.22042348948765914 0.16640028423817196 0.22881524670165632 0.16640028423817196 0.22881524670165632 0.1776182809283858 0.22042348948765914 0.1776182809283858
0 0.2472771125724501 0.1630348852311078 0.25427024358411443 0.1630348852311078 0.25427024358411443 0.17612254803635727 0.2472771125724501 0.17612254803635727
0 0.14014234547375282 0.21800306901315566 0.14853410268774997 0.21800306901315566 0.14853410268774997 0.2273513995883338 0.14014234547375282 0.2273513995883338
0 0.16447844139434462 0.21613340289812003 0.17231074812740868 0.21613340289812003 0.17231074812740868 0.22660353314231957 0.16447844139434462 0.22660353314231957
0 0.20280079933826511 0.22510780025029106 0.21063310607132912 0.22510780025029106 0.21063310607132912 0.2340821976024621 0.20280079933826511 0.2340821976024621
0 0.23217194958725518 0.21837700223616277 0.2402839815607858 0.21837700223616277 0.2402839815607858 0.22884713248036237 0.23217194958725518 0.22884713248036237
0 0.26098364935531215 0.22174240124322694 0.2688159560883762 0.22174240124322694 0.2688159560883762 0.2348300640484764 0.26098364935531215 0.2348300640484764
0 0.13874371927141996 0.31933897244808734 0.1448976745616846 0.31933897244808734 0.1448976745616846 0.33130483558431545 0.13874371927141996 0.33130483558431545
0 0.16056228802781264 0.3219565050091372 0.16867432000134322 0.3219565050091372 0.16867432000134322 0.33130483558431545 0.16056228802781264 0.33130483558431545
0 0.18322003250560498 0.3182171727790659 0.1935698664028682 0.3182171727790659 0.1935698664028682 0.32719157013123695 0.18322003250560498 0.32719157013123695
0 0.21930458852579285 0.32345223790116573 0.22685717001839031 0.32345223790116573 0.22685717001839031 0.33653990070641526 0.21930458852579285 0.33653990070641526
0 0.252591892141315 0.32345223790116573 0.2593052979125127 0.32345223790116573 0.2593052979125127 0.3350441678143867 0.252591892141315 0.3350441678143867
0 0.13846399403095339 0.3683242246620211 0.14573685028308428 0.3683242246620211 0.14573685028308428 0.37879435490622065 0.13846399403095339 0.37879435490622065
0 0.16056228802781264 0.370941757223071 0.1689540452418098 0.370941757223071 0.1689540452418098 0.3832815535823062 0.16056228802781264 0.3832815535823062
0 0.18210113154373872 0.37056782400006383 0.19356986640286822 0.37056782400006383 0.19356986640286822 0.38178582069027767 0.18210113154373872 0.38178582069027767
0 0.20923447986899624 0.3668284917699926 0.21482898467832767 0.3668284917699926 0.21482898467832767 0.3795422213522349 0.20923447986899624 0.3795422213522349
0 0.2299341476635226 0.3701938907770568 0.2374867291561201 0.3701938907770568 0.2374867291561201 0.3832815535823062 0.2299341476635226 0.3832815535823062
0 0.13035196205742278 0.4719037274349956 0.1373450930690871 0.4719037274349956 0.1373450930690871 0.4823738576791952 0.13035196205742278 0.4823738576791952
0 0.15133135509241574 0.47003406131995995 0.16028256278734604 0.47003406131995995 0.16028256278734604 0.4793823918951381 0.15133135509241574 0.4793823918951381
0 0.17370937432974157 0.47152979421198843 0.18154168106280558 0.47152979421198843 0.18154168106280558 0.48087812478716657 0.17370937432974157 0.48087812478716657
0 0.19496849260520105 0.47152979421198843 0.20336024981919826 0.47152979421198843 0.20336024981919826 0.48312172412520926 0.19496849260520105 0.48312172412520926
0 0.22210184093045857 0.4737733935500312 0.23105304862538892 0.4737733935500312 0.23105304862538892 0.48386959057122364 0.22210184093045857 0.48386959057122364
0 0.13175058825975564 0.5238804454329864 0.14182069691655227 0.5238804454329864 0.14182069691655227 0.5350984421232002 0.13175058825975564 0.5350984421232002
0 0.1566461346612806 0.5306112434471146 0.16447844139434467 0.5306112434471146 0.16447844139434467 0.5399595740222928 0.1566461346612806 0.5399595740222928
0 0.17930387913907297 0.525750111548022 0.18629701015073732 0.525750111548022 0.18629701015073732 0.5358463085692144 0.17930387913907297 0.5358463085692144
0 0.20084272265499908 0.5253761783250148 0.20783585366666338 0.5253761783250148 0.20783585366666338 0.5354723753462074 0.20084272265499908 0.5354723753462074
0 0.22741662049932349 0.5279937108860647 0.2360881029537872 0.5279937108860647 0.2360881029537872 0.5384638411302644 0.22741662049932349 0.5384638411302644
0 0.1292330610955565 0.619233417299804 0.13902344451188656 0.619233417299804 0.13902344451188656 0.6297035475440036 0.1292330610955565 0.6297035475440036
0 0.154408332737548 0.6181116176307826 0.16168118898967893 0.6181116176307826 0.16168118898967893 0.6285817478749822 0.154408332737548 0.6285817478749822
0 0.17314992384880842 0.6203552169688253 0.18154168106280558 0.6203552169688253 0.18154168106280558 0.6297035475440035 0.17314992384880842 0.6297035475440035
0 0.20503860126199766 0.6248424156449109 0.21426953419739458 0.6248424156449109 0.21426953419739458 0.6338168129970821 0.20503860126199766 0.6338168129970821
0 0.23720700391565347 0.6233466827528823 0.24559876112965068 0.6233466827528823 0.24559876112965068 0.6360604123351247 0.23720700391565347 0.6360604123351247
0 0.13566674162628767 0.6742016010818517 0.14321932311888513 0.6742016010818517 0.14321932311888513 0.6850456645490584 0.13566674162628767 0.6850456645490584
0 0.15161108033288231 0.6573746060465311 0.16028256278734604 0.6573746060465311 0.16028256278734604 0.6678447362907306 0.15161108033288231 0.6678447362907306
0 0.18238085678420524 0.6704622688517804 0.19049288875773587 0.6704622688517804 0.19049288875773587 0.6783148665349301 0.18238085678420524 0.6783148665349301
0 0.20979393034992935 0.6723319349668161 0.21734651184252682 0.6723319349668161 0.21734651184252682 0.6835499316570299 0.20979393034992935 0.6835499316570299
0 0.23217194958725518 0.6693404691827591 0.24056370680125236 0.6693404691827591 0.24056370680125236 0.6820541987650014 0.23217194958725518 0.6820541987650014
0 0.13175058825975566 0.7721721055097193 0.13818426879048681 0.7721721055097193 0.13818426879048681 0.783016168976926 0.13175058825975566 0.783016168976926
0 0.14769492696635028 0.7796507699698618 0.1546880579780146 0.7796507699698618 0.1546880579780146 0.7897469669910543 0.14769492696635028 0.7897469669910543
0 0.16867432000134322 0.7800247031928689 0.17622690149394069 0.7800247031928689 0.17622690149394069 0.7878773008760186 0.16867432000134322 0.7878773008760186
0 0.19860492073126645 0.7755375045167834 0.20587777698339735 0.7755375045167834 0.20587777698339735 0.7852597683149688 0.19860492073126645 0.7852597683149688
0 0.21958431376625942 0.7785289703008406 0.22713689525885689 0.7785289703008406 0.22713689525885689 0.7897469669910544 0.21958431376625942 0.7897469669910544
0 0.13370866494302167 0.8238774519636426 0.1415409716760857 0.8238774519636426 0.1415409716760857 0.833225782538821 0.13370866494302167 0.833225782538821
0 0.15189080557334889 0.8279907174167211 0.16196091423014547 0.8279907174167211 0.16196091423014547 0.8395826473299421 0.15189080557334889 0.8395826473299421
0 0.17426882481067466 0.8302343167547639 0.18349975774607158 0.8302343167547639 0.18349975774607158 0.8422001798909918 0.17426882481067466 0.8422001798909918
0 0.19273069068146845 0.833225782538821 0.20308052457873163 0.833225782538821 0.20308052457873163 0.844817712452042 0.19273069068146845 0.844817712452042
0 0.20615750222386395 0.839208714106935 0.21398980895692796 0.839208714106935 0.21398980895692796 0.847809178236099 0.20615750222386395 0.847809178236099
0 0.24392040968685122 0.8358433150998708 0.25399051834364783 0.8358433150998708 0.25399051834364783 0.8466873785670774 0.24392040968685122 0.8466873785670774
