0 0.142695917431376 0.025031893440973032 0.14870654243313705 0.025031893440973032 0.14870654243313705 0.03368489364279086 0.142695917431376 0.03368489364279086
0 0.16341673909984608 0.024421965153381207 0.17065321840495928 0.024421965153381207 0.17065321840495928 0.033144095565303074 0.16341673909984608 0.033144095565303074
0 0.19343033359482364 0.028227985696765295 0.19912461239228976 0.028227985696765295 0.19912461239228976 0.037108700297994825 0.19343033359482364 0.037108700297994825
0 0.2166819720178103 0.02378762839615053 0.22356255889808183 0.02378762839615053 0.22356255889808183 0.029496659211226652 0.2166819720178103 0.029496659211226652
0 0.24800050540387392 0.024421965153381207 0.25440656905102327 0.024421965153381207 0.25440656905102327 0.031716837861534036 0.24800050540387392 0.031716837861534036
0 0.14407991735011738 0.0775476685714507 0.15072324261382786 0.0775476685714507 0.15072324261382786 0.08595263060475726 0.14407991735011738 0.08595263060475726
0 0.16768744819794562 0.0765961634356047 0.175398450736181 0.0765961634356047 0.175398450736181 0.0861112147940649 0.16768744819794562 0.0861112147940649
0 0.19212539470373768 0.08040218397898878 0.1990059815840092 0.08040218397898878 0.1990059815840092 0.08785564087644929 0.19212539470373768 0.08785564087644929
0 0.21680060282609087 0.07865775789660441 0.2234439280898013 0.07865775789660441 0.2234439280898013 0.08468395709029587 0.21680060282609087 0.08468395709029587
0 0.2458651508548241 0.07263155870291295 0.25072901399432646 0.07263155870291295 0.25072901399432646 0.08262236262929616 0.2458651508548241 0.08262236262929616
0 0.14004646986857885 0.16159728890451594 0.14704568755713096 0.16159728890451594 0.14704568755713096 0.17031941931643776 0.14004646986857885 0.17031941931643776
0 0.17172089567948412 0.16239020985105426 0.1772965436686697 0.16239020985105426 0.1772965436686697 0.17142950864159148 0.17172089567948412 0.17142950864159148
0 0.1954470573355929 0.16064578376866995 0.20185312098274227 0.16064578376866995 0.20185312098274227 0.16873357742336106 0.1954470573355929 0.16873357742336106
0 0.22118994273247095 0.16730631971959206 0.2284264220375842 0.16730631971959206 0.2284264220375842 0.17650420269943692 0.22118994273247095 0.17650420269943692
0 0.24823776702043499 0.163976051744131 0.2541693074344622 0.163976051744131 0.2541693074344622 0.17507694499566795 0.24823776702043499 0.17507694499566795
0 0.14158867037622597 0.21726033935150815 0.14918104210618074 0.21726033935150815 0.14918104210618074 0.22598246976342998 0.14158867037622597 0.22598246976342998
0 0.15155365827179165 0.21297856624020106 0.1590273991934659 0.21297856624020106 0.1590273991934659 0.22090777570558454 0.15155365827179165 0.22090777570558454
0 0.20446299876491428 0.22582388557412236 0.21205537049486906 0.22582388557412236 0.21205537049486906 0.2350217685539672 0.20446299876491428 0.2350217685539672
0 0.23329028517708644 0.2155159132691238 0.23993361044079692 0.2155159132691238 0.23993361044079692 0.22947132192819877 0.23329028517708644 0.22947132192819877
0 0.2637784029051862 0.22423804368104566 0.2694726817026523 0.22423804368104566 0.2694726817026523 0.23486318436465953 0.2637784029051862 0.23486318436465953
0 0.13969057744373725 0.3198643098335707 0.1459780102826061 0.3198643098335707 0.1459780102826061 0.3308066188958 0.13969057744373725 0.3308066188958
0 0.1629422158667239 0.3214501517266474 0.1692296487055927 0.3214501517266474 0.1692296487055927 0.3315995398423384 0.1629422158667239 0.3315995398423384
0 0.18571933105658828 0.31922997307634005 0.19212539470373768 0.31922997307634005 0.19212539470373768 0.3276349351096466 0.18571933105658828 0.3276349351096466
0 0.2188173265668601 0.3239874987555702 0.2285450528458647 0.3239874987555702 0.2285450528458647 0.33699140227879903 0.2188173265668601 0.33699140227879903
0 0.25381341500962057 0.3243046671341856 0.2609312635064532 0.3243046671341856 0.2609312635064532 0.3347712236284918 0.25381341500962057 0.3347712236284918
0 0.14029379966980043 0.36886083145092213 0.14611749389448167 0.36886083145092213 0.14611749389448167 0.3782317153645572 0.14029379966980043 0.3782317153645572
0 0.16380426894721734 0.37246501757155104 0.16952011698255262 0.37246501757155104 0.16952011698255262 0.3824125712644867 0.16380426894721734 0.3824125712644867
0 0.18591273776313688 0.3684283291164467 0.19421689434277495 0.3684283291164467 0.19421689434277495 0.37592503624735474 0.18591273776313688 0.37592503624735474
0 0.2107173613127052 0.3678516593371461 0.21610967078000265 0.3678516593371461 0.21610967078000265 0.37866421769903263 0.2107173613127052 0.37866421769903263
0 0.23271798393927878 0.3707350082336491 0.2382181395959222 0.3707350082336491 0.2382181395959222 0.38111506426106023 0.23271798393927878 0.38111506426106023
0 0.1330372609734689 0.47425934368347566 0.14107568454255856 0.47425934368347566 0.14107568454255856 0.4815510447078422 0.1330372609734689 0.4815510447078422
0 0.15586064217856277 0.47176481438566603 0.16318134935755513 0.47176481438566603 0.16318134935755513 0.48097538410065543 0.15586064217856277 0.48097538410065543
0 0.1768179607694037 0.47272424873097746 0.18471284106047386 0.47272424873097746 0.18471284106047386 0.4807834972315933 0.1768179607694037 0.4807834972315933
0 0.19863653902836126 0.47387556994535107 0.20667496259745094 0.47387556994535107 0.20667496259745094 0.4827023659222161 0.19863653902836126 0.4827023659222161
0 0.22562267529601945 0.47560255176691174 0.23409172869916747 0.47560255176691174 0.23409172869916747 0.4836618002675275 0.22562267529601945 0.4836618002675275
0 0.13691292947999428 0.5268363458065407 0.14394655010294777 0.5268363458065407 0.14394655010294777 0.5345118205690319 0.13691292947999428 0.5345118205690319
0 0.16074111363122434 0.5314416306640354 0.16734410442011946 0.5314416306640354 0.16734410442011946 0.5418035215933986 0.16074111363122434 0.5418035215933986
0 0.1842822112264155 0.5262606851993539 0.1890191394010576 0.5262606851993539 0.1890191394010576 0.5375820104740284 0.1842822112264155 0.5375820104740284
0 0.2045218134271591 0.5272201195446652 0.2111248042160542 0.5272201195446652 0.2111248042160542 0.535279368045281 0.2045218134271591 0.535279368045281
0 0.23064669002670046 0.5287552144971636 0.23954637326390688 0.5287552144971636 0.23954637326390688 0.5381576710812153 0.23064669002670046 0.5381576710812153
0 0.13361143408554674 0.6204771379089338 0.1399273383184029 0.6204771379089338 0.1399273383184029 0.6283444995404873 0.13361143408554674 0.6283444995404873
0 0.1578702480708352 0.6187501560873733 0.16260717624547733 0.6187501560873733 0.16260717624547733 0.6275769520642382 0.1578702480708352 0.6275769520642382
0 0.17610024437930638 0.6202852510398715 0.182559691890182 0.6202852510398715 0.182559691890182 0.6289201601476743 0.17610024437930638 0.6289201601476743
0 0.20811039537764559 0.6248905358973662 0.2161488189467352 0.6248905358973662 0.2161488189467352 0.6331416712670443 0.20811039537764559 0.6331416712670443
0 0.2405511762100431 0.6245067621592417 0.24715416699893822 0.6245067621592417 0.24715416699893822 0.6350605399576672 0.2405511762100431 0.6350605399576672
0 0.1372000160360332 0.6740135743773102 0.1453819828831423 0.6740135743773102 0.1453819828831423 0.6839916915685488 0.1372000160360332 0.6839916915685488
0 0.15356394973025145 0.6580869642451408 0.16217654641141893 0.6580869642451408 0.16217654641141893 0.6674894208291926 0.15356394973025145 0.6674894208291926
0 0.18471284106047384 0.669024515781691 0.19246417807352456 0.669024515781691 0.19246417807352456 0.6791945198419918 0.18471284106047384 0.6791945198419918
0 0.2137085832204044 0.6724784794248119 0.21973740089722166 0.6724784794248119 0.21973740089722166 0.6836079178304241 0.2137085832204044 0.6836079178304241
0 0.23495298836728423 0.6713271582104381 0.24198660899023766 0.6713271582104381 0.24198660899023766 0.679386406711054 0.23495298836728423 0.679386406711054
0 0.13533395342178023 0.7734109725515718 0.14078859798651963 0.7734109725515718 0.14078859798651963 0.7833890897428103 0.13533395342178023 0.7833890897428103
0 0.15098017072590117 0.7797432392306269 0.1574396182367768 0.7797432392306269 0.1574396182367768 0.789337582683741 0.15098017072590117 0.789337582683741
0 0.1729422922628783 0.7778243705400043 0.17882756666167604 0.7778243705400043 0.17882756666167604 0.788570035207492 0.1729422922628783 0.788570035207492
0 0.2007896881986532 0.7762892755875059 0.20825393865566502 0.7762892755875059 0.20825393865566502 0.7841566372190595 0.2007896881986532 0.7841566372190595
0 0.2230388962916692 0.7785919180162534 0.22878062741244753 0.7785919180162534 0.22878062741244753 0.7891456958146787 0.2230388962916692 0.7891456958146787
0 0.13691292947999428 0.8244528797221384 0.1433723769908699 0.8244528797221384 0.1433723769908699 0.8323202413536921 0.13691292947999428 0.8323202413536921
0 0.1578702480708352 0.8277149564961974 0.16346843591359406 0.8277149564961974 0.16346843591359406 0.838460621163685 0.1578702480708352 0.838460621163685
0 0.17782276371553984 0.8321283544846296 0.18528701417255172 0.8321283544846296 0.18528701417255172 0.8413389241996193 0.17782276371553984 0.8413389241996193
0 0.19633984658005 0.8334715625680658 0.20480889998319798 0.8334715625680658 0.20480889998319798 0.8424902454139929 0.19633984658005 0.8424902454139929
0 0.20811039537764559 0.8382687342946228 0.2168665353368325 0.8382687342946228 0.2168665353368325 0.8463279827952386 0.20811039537764559 0.8463279827952386
0 0.24902022961319117 0.8371174130802489 0.25562322040208624 0.8371174130802489 0.25562322040208624 0.8457523221880516 0.24902022961319117 0.8457523221880516
0 0.4503662883825569 0.0 0.4587348614910913 0.0 0.4587348614910913 0.008443022238740362 0.4503662883825569 0.008443022238740362
0 0.46915610347530395 0.004432586675338691 0.4762614957372671 0.004432586675338691 0.4762614957372671 0.012242382246173526 0.46915610347530395 0.012242382246173526
0 0.4934723347718002 0.007176568902929308 0.5018409078803345 0.007176568902929308 0.5018409078803345 0.01751927114538625 0.4934723347718002 0.01751927114538625
0 0.5173148732508323 0.0023218311156536 0.5242623679069739 0.0023218311156536 0.5242623679069739 0.011187004466330978 0.5173148732508323 0.011187004466330978
0 0.5394205380658288 0.005699040011149744 0.5484207015976488 0.005699040011149744 0.5484207015976488 0.012664533358110542 0.5394205380658288 0.012664533358110542
0 0.4524189572582351 0.05720147566746595 0.46110332557841227 0.05720147566746595 0.46110332557841227 0.0654334223502378 0.4524189572582351 0.0654334223502378
0 0.47247195319755336 0.05783470233537148 0.4830510927875875 0.05783470233537148 0.4830510927875875 0.0650112712383008 0.47247195319755336 0.0650112712383008
0 0.4971039797056925 0.0489695289846941 0.5061041432375126 0.0489695289846941 0.5061041432375126 0.057412551223434465 0.4971039797056925 0.057412551223434465
0 0.518420156491582 0.05044705787647366 0.5252097535419025 0.05044705787647366 0.5252097535419025 0.06184513789877314 0.518420156491582 0.06184513789877314
0 0.5428942853938996 0.04875845342872559 0.5503154728675056 0.04875845342872559 0.5503154728675056 0.059101155671182536 0.5428942853938996 0.059101155671182536
0 0.4498925955650927 0.15450730696894863 0.45668219261541304 0.15450730696894863 0.45668219261541304 0.1644278580994685 0.4498925955650927 0.1644278580994685
0 0.47073507953351795 0.14859719140183036 0.4786299598245882 0.14859719140183036 0.4786299598245882 0.15809559142041327 0.47073507953351795 0.15809559142041327
0 0.4914196658961219 0.15471838252491713 0.49820926294644235 0.15471838252491713 0.49820926294644235 0.1654832358793111 0.4914196658961219 0.1654832358793111
0 0.5116305594412616 0.15302977807716905 0.5179464636741178 0.15302977807716905 0.5179464636741178 0.16231710253978346 0.5116305594412616 0.16231710253978346
0 0.5327888386213298 0.15134117362942098 0.5395784356716502 0.15134117362942098 0.5395784356716502 0.16189495142784643 0.5327888386213298 0.16189495142784643
0 0.44768202908359295 0.2121309337483516 0.4562084997979489 0.2121309337483516 0.4562084997979489 0.22120718265499748 0.44768202908359295 0.22120718265499748
0 0.4675771274170899 0.2125530848602886 0.47499831489069577 0.2125530848602886 0.47499831489069577 0.22015180487515493 0.4675771274170899 0.22015180487515493
0 0.4847879664516229 0.20326576039767416 0.4934723347718002 0.20326576039767416 0.4934723347718002 0.21276416041625712 0.4847879664516229 0.21276416041625712
0 0.5079989145073693 0.20221038261783167 0.5158937947984394 0.20221038261783167 0.5158937947984394 0.21002017818866647 0.5079989145073693 0.21002017818866647
0 0.5272624224175806 0.2005217781700836 0.5334204290446154 0.2005217781700836 0.5334204290446154 0.21107555596850905 0.5272624224175806 0.21107555596850905
0 0.44815572190105724 0.31872408951244874 0.4573137830386986 0.31872408951244874 0.4573137830386986 0.3301221695347482 0.44815572190105724 0.3301221695347482
0 0.4765772909489099 0.31935731618035423 0.48320899039340887 0.31935731618035423 0.48320899039340887 0.3299110939787797 0.4765772909489099 0.3299110939787797
0 0.5038935767560129 0.3090146139378973 0.5116305594412616 0.3090146139378973 0.5116305594412616 0.32146807174003933 0.5038935767560129 0.32146807174003933
0 0.5271045248117593 0.30880353838192875 0.5346836098911867 0.30880353838192875 0.5346836098911867 0.31914624062438574 0.5271045248117593 0.31914624062438574
0 0.5552102986479691 0.31091429394161385 0.5631051789390393 0.31091429394161385 0.5631051789390393 0.32315667618778743 0.5552102986479691 0.32315667618778743
0 0.4557348069804846 0.37107082739263897 0.46473497051230467 0.37107082739263897 0.46473497051230467 0.37888062296347375 0.4557348069804846 0.37888062296347375
0 0.4814721167293734 0.3679046940531113 0.48984068983790785 0.3679046940531113 0.48984068983790785 0.37613664073588315 0.4814721167293734 0.37613664073588315
0 0.5045251671792985 0.3598838229263081 0.5138411259227612 0.3598838229263081 0.5138411259227612 0.371492978504576 0.5045251671792985 0.371492978504576
0 0.5269466272059378 0.3548180095830638 0.5362625859494008 0.3548180095830638 0.5362625859494008 0.3641053340456782 0.5269466272059378 0.3641053340456782
0 0.5484207015976488 0.3552401606950008 0.5577366603411117 0.3552401606950008 0.5577366603411117 0.3651607118255208 0.5484207015976488 0.3651607118255208
0 0.45068208359419965 0.47069848980977513 0.4581032710678057 0.47069848980977513 0.4581032710678057 0.4806190409402952 0.45068208359419965 0.4806190409402952
0 0.4779983694013026 0.4719649431455862 0.484787966451623 0.4719649431455862 0.484787966451623 0.4808301164962636 0.4779983694013026 0.4808301164962636
0 0.49378812998344296 0.4698541875859011 0.5024724983036202 0.4698541875859011 0.5024724983036202 0.4782972098246415 0.49378812998344296 0.4782972098246415
0 0.5187359517032248 0.4675323564702476 0.5272624224175806 0.4675323564702476 0.5272624224175806 0.475553227597051 0.5187359517032248 0.475553227597051
0 0.5427363877880783 0.4679545075821846 0.5514207561082556 0.4679545075821846 0.5514207561082556 0.47555322759705093 0.5427363877880783 0.47555322759705093
0 0.4498925955650927 0.5238895299138395 0.4562084997979489 0.5238895299138395 0.4562084997979489 0.5340211566003278 0.4498925955650927 0.5340211566003278
0 0.47199826038008924 0.5213566232422173 0.48052473109444505 0.5213566232422173 0.48052473109444505 0.5331768543764538 0.47199826038008924 0.5331768543764538
0 0.5031040887269058 0.5200901699064062 0.5092620953539406 0.5200901699064062 0.5092620953539406 0.5308550232608003 0.5031040887269058 0.5308550232608003
0 0.5228412894545813 0.5219898499101229 0.5294729888990802 0.5219898499101229 0.5294729888990802 0.5316993254846742 0.5228412894545813 0.5316993254846742
0 0.5487364968092916 0.5224120010220599 0.5577366603411117 0.5224120010220599 0.5577366603411117 0.5316993254846742 0.5487364968092916 0.5316993254846742
0 0.455892704586306 0.6271054767824404 0.46220860881916215 0.6271054767824404 0.46220860881916215 0.6380814056928029 0.455892704586306 0.6380814056928029
0 0.47105087474516083 0.6275276278943774 0.4786299598245882 0.6275276278943774 0.4786299598245882 0.6368149523569917 0.47105087474516083 0.6368149523569917
0 0.4978934677347995 0.6268944012264719 0.5056304504200483 0.6268944012264719 0.5056304504200483 0.6342820456853696 0.4978934677347995 0.6342820456853696
0 0.5207886205789031 0.6277387034503459 0.5264729343884735 0.6277387034503459 0.5264729343884735 0.6404032368084565 0.5207886205789031 0.6404032368084565
0 0.5395784356716502 0.6264722501145348 0.5471575207510776 0.6264722501145348 0.5471575207510776 0.6353374234652122 0.5395784356716502 0.6353374234652122
0 0.4514715716233068 0.6798743657745677 0.45731378303869863 0.6798743657745677 0.45731378303869863 0.6908502946849302 0.4514715716233068 0.6908502946849302
0 0.4754720077081601 0.6826183480021583 0.483208990393409 0.6826183480021583 0.483208990393409 0.6925388991326782 0.4754720077081601 0.6925388991326782
0 0.49726187731151383 0.6864177080095913 0.5061041432375125 0.6864177080095913 0.5061041432375125 0.6942275035804263 0.49726187731151383 0.6942275035804263
0 0.5253676511477238 0.6781857613268197 0.53057827213983 0.6781857613268197 0.53057827213983 0.6874730857894341 0.5253676511477238 0.6874730857894341
0 0.5419468997589713 0.6802965168865046 0.5485785992034702 0.6802965168865046 0.5485785992034702 0.6904281435729931 0.5419468997589713 0.6904281435729931
0 0.45526111416302045 0.7849899926468852 0.46220860881916226 0.7849899926468852 0.46220860881916226 0.7968102237811215 0.45526111416302045 0.7968102237811215
0 0.47894575503623105 0.7782355748558929 0.48557745448073 0.7782355748558929 0.48557745448073 0.7879450504304442 0.47894575503623105 0.7879450504304442
0 0.502788293515263 0.7818238593073574 0.5098936857772263 0.7818238593073574 0.5098936857772263 0.7898447304341609 0.502788293515263 0.7898447304341609
0 0.5289992960816161 0.7824570859752631 0.5354730979202936 0.7824570859752631 0.5354730979202936 0.791955485993846 0.5289992960816161 0.791955485993846
0 0.5474733159627204 0.7833013881991371 0.5545787082246836 0.7833013881991371 0.5545787082246836 0.7911111837699719 0.5474733159627204 0.7911111837699719
0 0.454313728528092 0.8386031838628863 0.4607875303667696 0.8386031838628863 0.4607875303667696 0.8468351305456583 0.454313728528092 0.8468351305456583
0 0.4784720622187668 0.8364924283032015 0.486366942509837 0.8364924283032015 0.486366942509837 0.8455686772098473 0.4784720622187668 0.8455686772098473
0 0.5008935222454062 0.8293158594002721 0.508630504930655 0.8293158594002721 0.508630504930655 0.838392108306918 0.5008935222454062 0.838392108306918
0 0.5312098625631158 0.8276272549525241 0.5384731524309003 0.8276272549525241 0.5384731524309003 0.8367035038591698 0.5312098625631158 0.8367035038591698
0 0.5548945034363264 0.8316376905159256 0.5635788717565036 0.8316376905159256 0.5635788717565036 0.8394474860867605 0.5548945034363264 0.8394474860867605
