0 0.4545586339511841 0.30831074356997684 0.46218750414572707 0.30831074356997684 0.46218750414572707 0.31850892237926215 0.4545586339511841 0.31850892237926215
0 0.4730528647258335 0.3076926721269898 0.4816064464591089 0.3076926721269898 0.4816064464591089 0.3175818152147816 0.4730528647258335 0.3175818152147816
0 0.49478358588604665 0.3073836364054964 0.503105989734639 0.3073836364054964 0.503105989734639 0.31819988665776866 0.49478358588604665 0.31819988665776866
0 0.5107348599291817 0.3092378507344573 0.5183637301237247 0.3092378507344573 0.5183637301237247 0.32036313670822314 0.5107348599291817 0.32036313670822314
0 0.5315408695506624 0.30954688645595085 0.5394009176298883 0.30954688645595085 0.5394009176298883 0.3188179581007556 0.5315408695506624 0.3188179581007556
0 0.45848865799079713 0.3722811379191302 0.46611752818534 0.3722811379191302 0.46611752818534 0.38093413812094795 0.45848865799079713 0.38093413812094795
0 0.4834558695365738 0.3661004234892602 0.4920094512698493 0.3661004234892602 0.4920094512698493 0.3762986022985455 0.4834558695365738 0.3762986022985455
0 0.5063424801202024 0.3648642806032863 0.5155895955075273 0.3648642806032863 0.5155895955075273 0.37475342369107817 0.5063424801202024 0.37475342369107817
0 0.5292290907038312 0.36022874478088385 0.5359332493596416 0.36022874478088385 0.5359332493596416 0.3707359593116627 0.5292290907038312 0.3707359593116627
0 0.5502662782099949 0.3620829591098448 0.558357504173904 0.3620829591098448 0.558357504173904 0.3701178878686757 0.5502662782099949 0.3701178878686757
0 0.46010690318357894 0.46900931874659385 0.4688916628015374 0.46900931874659385 0.4688916628015374 0.4810617118848402 0.46010690318357894 0.4810617118848402
0 0.4864611820374543 0.47209967596152885 0.4950147637707297 0.47209967596152885 0.4950147637707297 0.48137074760633364 0.4864611820374543 0.48137074760633364
0 0.5121219272372803 0.47488099745497014 0.5206755089705557 0.47488099745497014 0.5206755089705557 0.48755146203620353 0.5121219272372803 0.48755146203620353
0 0.5430997637848182 0.4705544973540613 0.5525780570568262 0.4705544973540613 0.5525780570568262 0.4829159262138011 0.5430997637848182 0.4829159262138011
0 0.5678357974459118 0.4714816045185418 0.5768517349485535 0.4714816045185418 0.5768517349485535 0.4798255689988661 0.5678357974459118 0.4798255689988661
0 0.48623000415277123 0.5292712844378252 0.49478358588604654 0.5292712844378252 0.49478358588604654 0.53854235608263 0.48623000415277123 0.53854235608263
0 0.5081919031976675 0.5249447843369163 0.5172078407003091 0.5249447843369163 0.5172078407003091 0.5354519988676951 0.5081919031976675 0.5354519988676951
0 0.5333902926281273 0.5196911770715269 0.5405568070533039 0.5196911770715269 0.5405568070533039 0.5305074273237993 0.5333902926281273 0.5305074273237993
0 0.5530404128261922 0.5181459984640595 0.5602069272513689 0.5181459984640595 0.5602069272513689 0.5298893558808122 0.5530404128261922 0.5298893558808122
0 0.45617687914396593 0.618582607949445 0.462187504145727 0.618582607949445 0.462187504145727 0.6266175367082758 0.45617687914396593 0.6266175367082758
0 0.4811440906897426 0.6210548937213929 0.4890041387689686 0.6210548937213929 0.4890041387689686 0.6309440368091848 0.4811440906897426 0.6309440368091848
0 0.5065736580048855 0.618582607949445 0.5144337060841117 0.618582607949445 0.5144337060841117 0.6297078939232108 0.5065736580048855 0.6297078939232108
0 0.5296914464731973 0.6133290006840556 0.5384762060911559 0.6133290006840556 0.5384762060911559 0.6244542866578214 0.5296914464731973 0.6244542866578214
0 0.5541963022496078 0.613638036405549 0.5618251724441508 0.613638036405549 0.5618251724441508 0.6238362152148345 0.5541963022496078 0.6238362152148345
0 0.4557145233745996 0.6754451807042479 0.4626498599150932 0.6754451807042479 0.4626498599150932 0.6850252880705462 0.4557145233745996 0.6850252880705462
0 0.48183762434379207 0.6754451807042479 0.4894664945383349 0.6754451807042479 0.4894664945383349 0.6837891451845723 0.48183762434379207 0.6837891451845723
0 0.5065736580048855 0.6800807165266503 0.5128154608913297 0.6800807165266503 0.5128154608913297 0.6912060025004161 0.5065736580048855 0.6912060025004161
0 0.5546586580189741 0.6735909663752869 0.5620563503288339 0.6735909663752869 0.5620563503288339 0.6834801094630787 0.5546586580189741 0.6834801094630787
0 0.5315408695506623 0.6745180735397676 0.5382450282064727 0.6745180735397676 0.5382450282064727 0.6847162523490529 0.5315408695506623 0.6847162523490529
0 0.46611752818534 0.7820625046195034 0.47328404261051665 0.7820625046195034 0.47328404261051665 0.7919516477072953 0.46611752818534 0.7919516477072953
0 0.49293416280858166 0.7832986475054776 0.5010253887724907 0.7832986475054776 0.5010253887724907 0.7931877905932693 0.49293416280858166 0.7931877905932693
0 0.5218313983939714 0.782989611783984 0.528997912819148 0.782989611783984 0.528997912819148 0.7919516477072953 0.5218313983939714 0.7919516477072953
0 0.544486831092917 0.7805173260120362 0.5523468791721429 0.7805173260120362 0.5523468791721429 0.7891703262138541 0.544486831092917 0.7891703262138541
0 0.56621755225313 0.7826805760624906 0.5750023118710884 0.7826805760624906 0.5750023118710884 0.7941148977577498 0.56621755225313 0.7941148977577498
0 0.4598757252988958 0.8364527916023586 0.4686604849168543 0.8364527916023586 0.4686604849168543 0.8451057918041764 0.4598757252988958 0.8451057918041764
0 0.5162831291615766 0.8342895415519043 0.5246055330101688 0.8342895415519043 0.5246055330101688 0.843560613196709 0.5162831291615766 0.843560613196709
0 0.5424062301307688 0.8352166487163845 0.5481856772478468 0.8352166487163845 0.5481856772478468 0.8435606131967088 0.5424062301307688 0.8435606131967088
0 0.5618251724441508 0.8315082200584627 0.5692228647540105 0.8315082200584627 0.5692228647540105 0.842324470310735 0.5618251724441508 0.842324470310735
0 0.5830935378349975 0.8321262915014497 0.5914159416835898 0.8321262915014497 0.5914159416835898 0.8413973631462545 0.5830935378349975 0.8413973631462545
