0 0.12724446893151234 0.16962517821062442 0.13436474777975238 0.16962517821062442 0.13436474777975238 0.17778372125805272 0.12724446893151234 0.17778372125805272
0 0.1664060025968325 0.17710384267076698 0.17403487279137542 0.17710384267076698 0.17403487279137542 0.18696208218640947 0.1664060025968325 0.18696208218640947
0 0.20480464924269837 0.17200475326612433 0.21217922376408985 0.17200475326612433 0.21217922376408985 0.1842425678372667 0.20480464924269837 0.1842425678372667
0 0.25490089685353 0.16962517821062442 0.26074969733601283 0.16962517821062442 0.26074969733601283 0.18186299278176685 0.25490089685353 0.18186299278176685
0 0.29965693532818166 0.17438432832162426 0.30804869254217876 0.17438432832162426 0.30804869254217876 0.1825428713690525 0.29965693532818166 0.1825428713690525
0 0.12495580787314947 0.22537522236805083 0.13055031268248093 0.22537522236805083 0.13055031268248093 0.2352334618836933 0.12495580787314947 0.2352334618836933
0 0.15114826220774674 0.22537522236805083 0.15826854105598678 0.22537522236805083 0.15826854105598678 0.2342136440027648 0.15114826220774674 0.2342136440027648
0 0.20073591847227548 0.22469534378076514 0.2076019016473641 0.22469534378076514 0.2076019016473641 0.23387370470912192 0.20073591847227548 0.23387370470912192
0 0.2482892093515928 0.22163589013797952 0.2554094881998329 0.22163589013797952 0.2554094881998329 0.23523346188369326 0.2482892093515928 0.23523346188369326
0 0.2864335603243072 0.22333558660619374 0.29609679590406157 0.22333558660619374 0.29609679590406157 0.23217400824090767 0.2864335603243072 0.23217400824090767
0 0.1379248872038724 0.31647895306433294 0.14682523576417245 0.31647895306433294 0.14682523576417245 0.3246374961117611 0.1379248872038724 0.3246374961117611
0 0.1686946636551954 0.3168188923579758 0.17734071654234398 0.3168188923579758 0.17734071654234398 0.324977435405404 0.1686946636551954 0.324977435405404
0 0.20938197135942407 0.31613901377069004 0.2192995026123299 0.31613901377069004 0.2192995026123299 0.32701707116726103 0.20938197135942407 0.32701707116726103
0 0.25312082714147 0.31647895306433294 0.26380124541383004 0.31647895306433294 0.26380124541383004 0.32701707116726103 0.25312082714147 0.32701707116726103
0 0.3011827093670902 0.32361767823083265 0.3090658752347845 0.32361767823083265 0.3090658752347845 0.3348356749210465 0.3011827093670902 0.3348356749210465
0 0.14580805307156672 0.370529300753545 0.15292833191980673 0.370529300753545 0.15292833191980673 0.38004760097554463 0.14580805307156672 0.38004760097554463
0 0.17556064683028397 0.3688296042853308 0.18420669971743261 0.3688296042853308 0.18420669971743261 0.3790277830946161 0.17556064683028397 0.3790277830946161
0 0.19971873577966978 0.36577015064254526 0.2078561973205155 0.36577015064254526 0.2078561973205155 0.37562839015818766 0.19971873577966978 0.37562839015818766
0 0.24956068771735002 0.36678996852347384 0.25718955791189296 0.36678996852347384 0.25718955791189296 0.37834790450733047 0.24956068771735002 0.37834790450733047
0 0.3072858055227245 0.3606710612379026 0.31542326706357016 0.3606710612379026 0.31542326706357016 0.370529300753545 0.3072858055227245 0.370529300753545
0 0.44444804639354607 0.15757010647126818 0.4523312122612404 0.15757010647126818 0.4523312122612404 0.168788103161482 0.44444804639354607 0.168788103161482
0 0.43707347187215456 0.20210215393848072 0.44393945504724325 0.20210215393848072 0.44393945504724325 0.21298021133505168 0.43707347187215456 0.21298021133505168
0 0.475217822844869 0.21467990780326593 0.48386387573201756 0.21467990780326593 0.48386387573201756 0.22861741884262252 0.475217822844869 0.22861741884262252
0 0.5204824526658235 0.21909911862062287 0.5303999839187292 0.21909911862062287 0.5303999839187292 0.22861741884262252 0.5204824526658235 0.22861741884262252
0 0.5133621738175834 0.16300913516955368 0.5214996353584292 0.16300913516955368 0.5214996353584292 0.17558688903433886 0.5133621738175834 0.17558688903433886
0 0.5632041257552637 0.16334907446319652 0.5703244046035036 0.16334907446319652 0.5703244046035036 0.175246949740696 0.5632041257552637 0.175246949740696
0 0.5576096209459322 0.21230033274776597 0.5677814478719894 0.21230033274776597 0.5677814478719894 0.22385826873162268 0.5576096209459322 0.22385826873162268
0 0.6016027724011296 0.20958081839862325 0.6115203036540354 0.20958081839862325 0.6115203036540354 0.22011893650155145 0.6016027724011296 0.22011893650155145
0 0.6176233998096696 0.16572864951869642 0.6262694526968182 0.16572864951869642 0.6262694526968182 0.17660670691526742 0.6176233998096696 0.17660670691526742
0 0.4518226209149375 0.31054278861054785 0.45767142139742045 0.31054278861054785 0.45767142139742045 0.32142084600711884 0.4518226209149375 0.32142084600711884
0 0.4375820632184575 0.36663277206161704 0.44571952475930326 0.36663277206161704 0.44571952475930326 0.37479131510904534 0.4375820632184575 0.37479131510904534
0 0.4787779622689891 0.36629283276797425 0.48767831082928914 0.36629283276797425 0.48767831082928914 0.37615107228361666 0.4787779622689891 0.37615107228361666
0 0.48844119784874335 0.3017043669758339 0.4968329550627406 0.3017043669758339 0.4968329550627406 0.3115626064914764 0.48844119784874335 0.3115626064914764
0 0.5372659670938179 0.30748333496776226 0.5454034286346637 0.30748333496776226 0.5454034286346637 0.3197211495389046 0.5372659670938179 0.3197211495389046
0 0.591176649801921 0.310202849316905 0.6013484767279781 0.310202849316905 0.6013484767279781 0.32346048176897585 0.591176649801921 0.32346048176897585
0 0.5899051714361639 0.3656129541806885 0.5985512243233124 0.3656129541806885 0.5985512243233124 0.37513125440268813 0.5899051714361639 0.37513125440268813
0 0.6354240969302697 0.30986291002326216 0.6425443757785098 0.30986291002326216 0.6425443757785098 0.32074096741983316 0.6354240969302697 0.32074096741983316
0 0.6308467748135439 0.3669727113552599 0.6374584623154811 0.3669727113552599 0.6374584623154811 0.3781907080454737 0.6308467748135439 0.3781907080454737
0 0.7724053725294708 0.16742131196304647 0.7785084686851051 0.16742131196304647 0.7785084686851051 0.179319187240546 0.7724053725294708 0.179319187240546
0 0.8143641585994565 0.1718405227804035 0.8219930287939994 0.1718405227804035 0.8219930287939994 0.1820387015896888 0.8143641585994565 0.1820387015896888
0 0.8621717451519253 0.1810188837087602 0.8705635023659224 0.1810188837087602 0.8705635023659224 0.18985730534347417 0.8621717451519253 0.18985730534347417
0 0.899298913432034 0.17354021924861768 0.9074363749728798 0.17354021924861768 0.9074363749728798 0.18271858017697448 0.899298913432034 0.18271858017697448
0 0.93947762978996 0.18135882300240308 0.9478693870039572 0.18135882300240308 0.9478693870039572 0.19155700181168844 0.93947762978996 0.19155700181168844
0 0.7713881898368649 0.22181159894590155 0.7797799470508621 0.22181159894590155 0.7797799470508621 0.2309899598742583 0.7713881898368649 0.2309899598742583
0 0.8118212018679423 0.22827044552511552 0.8212301417745452 0.22827044552511552 0.8212301417745452 0.23506923139797242 0.8118212018679423 0.23506923139797242
0 0.8514913268795652 0.22861038481875837 0.8591201970741082 0.22861038481875837 0.8591201970741082 0.2364289885725437 0.8514913268795652 0.2364289885725437
0 0.8947215913153085 0.24322777444540067 0.9020961658366997 0.24322777444540067 0.9020961658366997 0.2513863174928289 0.8947215913153085 0.2513863174928289
0 0.9328659422880228 0.2320097777551868 0.9392233341168086 0.2320097777551868 0.9392233341168086 0.24322777444540064 0.9328659422880228 0.24322777444540064
0 0.7675737547395936 0.3217537512768975 0.7767283989730449 0.3217537512768975 0.7767283989730449 0.33161199079253995 0.7675737547395936 0.33161199079253995
0 0.8052095143660051 0.3217537512768975 0.8118212018679422 0.3217537512768975 0.8118212018679422 0.3329717479671113 0.8052095143660051 0.3329717479671113
0 0.8415737956266596 0.327192779975183 0.8481854831285968 0.327192779975183 0.8481854831285968 0.3380708373717541 0.8415737956266596 0.3380708373717541
0 0.9346460120000828 0.3292324157370401 0.9412576995020201 0.3292324157370401 0.9412576995020201 0.3401104731336111 0.9346460120000828 0.3401104731336111
0 0.7729139638757736 0.3758040989661097 0.7813057210897708 0.3758040989661097 0.7813057210897708 0.3883818528308948 0.7729139638757736 0.3883818528308948
0 0.8036837403270966 0.36798549521232427 0.8138555672531537 0.36798549521232427 0.8138555672531537 0.37886355260889526 0.8036837403270966 0.37886355260889526
0 0.8423366826461137 0.3628864058076816 0.8499655528406568 0.3628864058076816 0.8499655528406568 0.37512422037882404 0.8423366826461137 0.37512422037882404
0 0.9349003076732343 0.37512422037882404 0.9417662908483229 0.37512422037882404 0.9417662908483229 0.3819230062516809 0.9349003076732343 0.3819230062516809
