0 0.15443741907664313 0.1598929657150774 0.1635920633100946 0.1598929657150774 0.1635920633100946 0.1707710231116484 0.15443741907664313 0.1707710231116484
0 0.18800444793263182 0.162952419357863 0.19563331812717474 0.162952419357863 0.19563331812717474 0.1731505981671483 0.18800444793263182 0.1731505981671483
0 0.21750274601819763 0.16805150876250566 0.2246230248664377 0.16805150876250566 0.2246230248664377 0.178249687571791 0.21750274601819763 0.178249687571791
0 0.2419151306407349 0.1612527228896488 0.25005259218158055 0.1612527228896488 0.25005259218158055 0.17077102311164838 0.2419151306407349 0.17077102311164838
0 0.2726849070920579 0.16091278359600594 0.2805680729597522 0.16091278359600594 0.2805680729597522 0.1694112659370771 0.2726849070920579 0.1694112659370771
0 0.17605255129451464 0.2149631312852181 0.1834271258159061 0.2149631312852181 0.1834271258159061 0.2272009458563605 0.17605255129451464 0.2272009458563605
0 0.20707662341898905 0.21428325269793244 0.21394260659407766 0.21428325269793244 0.21394260659407766 0.22312167433264637 0.20707662341898905 0.22312167433264637
0 0.1541831234034917 0.21428325269793244 0.16079481090542883 0.21428325269793244 0.16079481090542883 0.22312167433264637 0.1541831234034917 0.22312167433264637
0 0.23454055611934346 0.2136033741106467 0.24140653929443207 0.2136033741106467 0.24140653929443207 0.21870246351528938 0.23454055611934346 0.21870246351528938
0 0.2660732195901207 0.21190367764243254 0.27243061141890645 0.21190367764243254 0.27243061141890645 0.22244179574536063 0.2660732195901207 0.22244179574536063
0 0.14579136618949454 0.31490528361621417 0.15113157532567456 0.31490528361621417 0.15113157532567456 0.32340376595728526 0.14579136618949454 0.32340376595728526
0 0.17834121235287753 0.30844643703700014 0.1849528998548147 0.30844643703700014 0.1849528998548147 0.3203443123144996 0.17834121235287753 0.3203443123144996
0 0.20199070995596047 0.3070866798624287 0.21012817149680624 0.3070866798624287 0.21012817149680624 0.3125257085607142 0.20199070995596047 0.3125257085607142
0 0.23199759938782916 0.30674674056878587 0.23886358256291776 0.30674674056878587 0.23886358256291776 0.3172848586717141 0.23199759938782916 0.3172848586717141
0 0.25590139266406353 0.30606686198150024 0.26531033257066644 0.30606686198150024 0.26531033257066644 0.3155851622034998 0.25590139266406353 0.3155851622034998
0 0.13841679166810308 0.37099526706728336 0.14604566186264595 0.37099526706728336 0.14604566186264595 0.3811934458765687 0.13841679166810308 0.3811934458765687
0 0.17300100321669748 0.3675958741308549 0.17910409937233182 0.3675958741308549 0.17910409937233182 0.3757544171782832 0.17300100321669748 0.3757544171782832
0 0.1974133878392347 0.36657605624992645 0.20478796236062616 0.36657605624992645 0.20478796236062616 0.3757544171782832 0.1974133878392347 0.3757544171782832
0 0.22411443352013485 0.3604571489643552 0.2322518950609806 0.3604571489643552 0.2322518950609806 0.3709952670672833 0.22411443352013485 0.3709952670672833
0 0.250815479201035 0.35773763461521246 0.2574271667029721 0.35773763461521246 0.2574271667029721 0.36657605624992634 0.250815479201035 0.36657605624992634
0 0.1577432628276117 0.467538026461851 0.16562642869530608 0.467538026461851 0.16562642869530608 0.4763764480965648 0.1577432628276117 0.4763764480965648
0 0.17808691667972615 0.4719572372792079 0.18724156091317753 0.4719572372792079 0.18724156091317753 0.4797758410329933 0.17808691667972615 0.4797758410329933
0 0.20402507534117192 0.463118815644494 0.2119082412088662 0.463118815644494 0.2119082412088662 0.47297705516013655 0.20402507534117192 0.47297705516013655
0 0.2220800681349234 0.4597194227080655 0.22970893832946632 0.4597194227080655 0.22970893832946632 0.46923772293006516 0.2220800681349234 0.46923772293006516
0 0.2513240705473378 0.4498611831924232 0.2574271667029721 0.4498611831924232 0.2574271667029721 0.46073924058899407 0.2513240705473378 0.46073924058899407
0 0.16893227244627462 0.526347524262063 0.17427248158245465 0.526347524262063 0.17427248158245465 0.5331463101349199 0.16893227244627462 0.5331463101349199
0 0.18546149120111755 0.5226081920319916 0.19410754408826617 0.5226081920319916 0.19410754408826617 0.532806370841277 0.18546149120111755 0.532806370841277
0 0.21038246716995762 0.519888677682849 0.21750274601819763 0.519888677682849 0.21750274601819763 0.5277072814366343 0.21038246716995762 0.5277072814366343
0 0.2538670272788521 0.5195487383892061 0.25997012343448644 0.5195487383892061 0.25997012343448644 0.5290670386112056 0.2538670272788521 0.5290670386112056
0 0.2350491474656463 0.5226081920319916 0.24140653929443204 0.5226081920319916 0.24140653929443204 0.5317865529603485 0.2350491474656463 0.5317865529603485
0 0.1440112964774345 0.6232302229502734 0.15138587099882597 0.6232302229502734 0.15138587099882597 0.6327485231722729 0.1440112964774345 0.6327485231722729
0 0.16740649840736602 0.6286692516485589 0.17452677725560609 0.6286692516485589 0.17452677725560609 0.6364878554023442 0.16740649840736602 0.6364878554023442
0 0.18622437822057183 0.6232302229502734 0.19232747437620615 0.6232302229502734 0.19232747437620615 0.6303689481167731 0.18622437822057183 0.6303689481167731
0 0.22360584217383195 0.6245899801248448 0.23479485179249487 0.6245899801248448 0.23479485179249487 0.6341082803468444 0.22360584217383195 0.6341082803468444
0 0.2546299142983064 0.6273094944739874 0.26073301045394076 0.6273094944739874 0.26073301045394076 0.6358079768150586 0.2546299142983064 0.6358079768150586
0 0.14782573157470597 0.6657226346556289 0.15647178446185456 0.6657226346556289 0.15647178446185456 0.6762607527585571 0.14782573157470597 0.6762607527585571
0 0.17859550802602897 0.6704817847666287 0.18571578687426898 0.6704817847666287 0.18571578687426898 0.6783003885204141 0.17859550802602897 0.6783003885204141
0 0.20885669313104904 0.6701418454729858 0.21623126765244052 0.6701418454729858 0.21623126765244052 0.6789802671076999 0.20885669313104904 0.6789802671076999
0 0.23123471236837484 0.6745610562903428 0.23886358256291776 0.6745610562903428 0.23886358256291776 0.6827195993377712 0.23123471236837484 0.6827195993377712
0 0.257935758049275 0.6715016026475573 0.2678532893021807 0.6715016026475573 0.2678532893021807 0.6796601456949856 0.257935758049275 0.6796601456949856
0 0.15698037580815744 0.7765428443831959 0.1648635416758517 0.7765428443831959 0.1648635416758517 0.7850413267242669 0.15698037580815744 0.7850413267242669
0 0.17783262100657468 0.7738233300340531 0.18571578687426904 0.7738233300340531 0.18571578687426904 0.7833416302560527 0.17783262100657468 0.7833416302560527
0 0.20860239745789766 0.7690641799230533 0.21928281573025768 0.7690641799230533 0.21928281573025768 0.7792623587323387 0.20860239745789766 0.7792623587323387
0 0.2365749215045549 0.7745032086213388 0.24420379169909784 0.7745032086213388 0.24420379169909784 0.7840215088433385 0.2365749215045549 0.7840215088433385
0 0.27192202007260363 0.7704239370976247 0.28336532536441794 0.7704239370976247 0.28336532536441794 0.7802821766132673 0.27192202007260363 0.7802821766132673
0 0.15545460176924886 0.8282136170169081 0.1623205849443375 0.8282136170169081 0.1623205849443375 0.837391977945265 0.15545460176924886 0.837391977945265
0 0.1763068469676661 0.8336526457151937 0.1859700825474204 0.8336526457151937 0.1859700825474204 0.8387517351198363 0.1763068469676661 0.8387517351198363
0 0.2075852147652919 0.8224346490249798 0.21368831092092622 0.8224346490249798 0.21368831092092622 0.8319529492469794 0.2075852147652919 0.8319529492469794
0 0.2340319647730406 0.8200550739694799 0.2434409046796435 0.8200550739694799 0.2434409046796435 0.8265139205486939 0.2340319647730406 0.8265139205486939
0 0.26912476766793786 0.8248142240804797 0.27802511622823795 0.8248142240804797 0.27802511622823795 0.8322928885406222 0.26912476766793786 0.8322928885406222
0 0.12799066906889445 0.915355115882932 0.1363824262828916 0.915355115882932 0.1363824262828916 0.924193537517646 0.12799066906889445 0.924193537517646
0 0.16206628927118602 0.9105959657719321 0.16715220273421463 0.9105959657719321 0.16715220273421463 0.9194343874066462 0.16206628927118602 0.9194343874066462
0 0.17986698639178608 0.9122956622401465 0.187495856586329 0.9122956622401465 0.187495856586329 0.9228337803430745 0.17986698639178608 0.9228337803430745
0 0.20071923159020333 0.9194343874066462 0.21038246716995762 0.9194343874066462 0.21038246716995762 0.9275929304540744 0.20071923159020333 0.9275929304540744
0 0.2375921041971606 0.9218139624621461 0.24445808737224922 0.9218139624621461 0.24445808737224922 0.93065238409686 0.2375921041971606 0.93065238409686
0 0.14680854888210026 0.9649862527547871 0.15342023638403743 0.9649862527547871 0.15342023638403743 0.9755243708577154 0.14680854888210026 0.9755243708577154
0 0.16994945513888035 0.9656661313420728 0.17579825562136323 0.9656661313420728 0.17579825562136323 0.9748444922704296 0.16994945513888035 0.9748444922704296
0 0.19690479649293186 0.9666859492230013 0.2042793710143233 0.9666859492230013 0.2042793710143233 0.9765441887386439 0.19690479649293186 0.9765441887386439
0 0.21546838063298623 0.9680457063975727 0.22182577246177201 0.9680457063975727 0.22182577246177201 0.9768841280322866 0.21546838063298623 0.9768841280322866
0 0.2375921041971606 0.9721249779212868 0.24572956573800636 0.9721249779212868 0.24572956573800636 0.9809633995560009 0.2375921041971606 0.9809633995560009
0 0.2625130801660007 0.9755243708577154 0.2691247676679379 0.9755243708577154 0.2691247676679379 0.9840228531987864 0.2625130801660007 0.9840228531987864
0 0.2820938469986608 0.9789237637941439 0.29073989988580945 0.9789237637941439 0.29073989988580945 0.9908216390716434 0.2820938469986608 0.9908216390716434
