0 0.4416801931116537 0.15026899160152254 0.45035167556611744 0.15026899160152254 0.45035167556611744 0.157373722838658 0.4416801931116537 0.157373722838658
0 0.48307952870070636 0.14914719193250117 0.48755513254817157 0.14914719193250117 0.48755513254817157 0.15513012350061522 0.48307952870070636 0.15513012350061522
0 0.5023805702928998 0.1495211251555083 0.510212877025964 0.1495211251555083 0.510212877025964 0.15924338895369364 0.5023805702928998 0.15924338895369364
0 0.5412623787177535 0.15251259093956535 0.5496541359317505 0.15251259093956535 0.5496541359317505 0.1592433889536936 0.5412623787177535 0.1592433889536936
0 0.5734307813714092 0.15026899160152254 0.5795847366616741 0.15026899160152254 0.5795847366616741 0.15961732217670077 0.5734307813714092 0.15961732217670077
0 0.44112074263072054 0.1977585109234278 0.45091112604705064 0.1977585109234278 0.45091112604705064 0.21047224050567018 0.44112074263072054 0.21047224050567018
0 0.4802822762960407 0.20000211026147052 0.48895375875050445 0.20000211026147052 0.48895375875050445 0.2108461737286773 0.4802822762960407 0.2108461737286773
0 0.5107723275068972 0.2003760434844777 0.5191640847208943 0.2003760434844777 0.5191640847208943 0.21009830728266302 0.5107723275068972 0.21009830728266302
0 0.5460177078056853 0.20261964282252048 0.5541297397792159 0.20261964282252048 0.5541297397792159 0.21234190662070582 0.5460177078056853 0.21234190662070582
0 0.5804239123830737 0.19962817703846344 0.5888156695970709 0.19962817703846344 0.5888156695970709 0.21009830728266302 0.5804239123830737 0.21009830728266302
0 0.44223964359258683 0.30844274493353774 0.4500719503256509 0.30844274493353774 0.4500719503256509 0.3200346748467587 0.44223964359258683 0.3200346748467587
0 0.47804447437230807 0.30021621402738086 0.48531733062443894 0.30021621402738086 0.48531733062443894 0.30919061137955195 0.47804447437230807 0.30919061137955195
0 0.44223964359258683 0.3551843978094287 0.4514705765279838 0.3551843978094287 0.4514705765279838 0.3664023944996425 0.44223964359258683 0.3664023944996425
0 0.46741491523457834 0.353314731694393 0.4766458481699753 0.353314731694393 0.4766458481699753 0.3622891290465641 0.46741491523457834 0.3622891290465641
0 0.5018211198119668 0.3514450655793574 0.5090939760640976 0.3514450655793574 0.5090939760640976 0.36116732937754276 0.5018211198119668 0.36116732937754276
0 0.5264369409730252 0.35443653136341446 0.5345489729465558 0.35443653136341446 0.5345489729465558 0.3634109287155856 0.5264369409730252 0.3634109287155856
0 0.5186046342399611 0.3133038768326304 0.5275558419348915 0.3133038768326304 0.5275558419348915 0.32078254129277295 0.5186046342399611 0.32078254129277295
0 0.5418218291986866 0.30657307881850204 0.5502135864126838 0.30657307881850204 0.5502135864126838 0.3170432090627016 0.5418218291986866 0.3170432090627016
0 0.5639201231955459 0.29423328245926683 0.5723118804095431 0.29423328245926683 0.5723118804095431 0.30657307881850204 0.5639201231955459 0.30657307881850204
0 0.5521716630959498 0.3592976632625071 0.5602836950694803 0.3592976632625071 0.5602836950694803 0.37014172672971374 0.5521716630959498 0.37014172672971374
0 0.44951249984471764 0.4613814331434529 0.4576245318182483 0.4613814331434529 0.4576245318182483 0.47409516272569524 0.44951249984471764 0.47409516272569524
0 0.47496749672717575 0.4621292995894673 0.4836389791816395 0.4621292995894673 0.4836389791816395 0.47222549661065977 0.47496749672717575 0.47222549661065977
0 0.502940020773833 0.46624256504254563 0.510212877025964 0.46624256504254563 0.510212877025964 0.4785823614017809 0.502940020773833 0.4785823614017809
0 0.5407029282368203 0.46624256504254563 0.5499338611722172 0.46624256504254563 0.5499338611722172 0.47633876206373815 0.5407029282368203 0.47633876206373815
0 0.578186110459341 0.4647468321505171 0.5871373181542713 0.4647468321505171 0.5871373181542713 0.47708662850975236 0.578186110459341 0.47708662850975236
0 0.4506314008065839 0.5204628823785793 0.460421784222914 0.5204628823785793 0.460421784222914 0.5328026787378145 0.4506314008065839 0.5328026787378145
0 0.4819606277388401 0.5245761478316577 0.4900726597123707 0.5245761478316577 0.4900726597123707 0.5376638106369069 0.4819606277388401 0.5376638106369069
0 0.5135695799115627 0.5230804149396292 0.5228005128469596 0.5230804149396292 0.5228005128469596 0.5305590793997718 0.5135695799115627 0.5305590793997718
0 0.5516122126150166 0.5148538840334723 0.56112287079088 0.5148538840334723 0.56112287079088 0.5242022146086506 0.5516122126150166 0.5242022146086506
0 0.5765077590165416 0.5122363514724224 0.5846197909900721 0.5122363514724224 0.5846197909900721 0.5238282813856434 0.5765077590165416 0.5238282813856434
0 0.45650563085638196 0.6225466522595252 0.46629601427271195 0.6225466522595252 0.46629601427271195 0.6326428492807177 0.45650563085638196 0.6326428492807177
0 0.4883943082695712 0.6259120512665893 0.4956671645217021 0.6259120512665893 0.4956671645217021 0.6360082482877818 0.4883943082695712 0.6360082482877818
0 0.5141290303924959 0.6262859844895965 0.5236396885683593 0.6262859844895965 0.5236396885683593 0.6397475805178531 0.5141290303924959 0.6397475805178531
0 0.552731113576883 0.6285295838276392 0.5614025960313467 0.6285295838276392 0.5614025960313467 0.6397475805178531 0.552731113576883 0.6397475805178531
0 0.5874170433947379 0.6274077841586179 0.5960885258492018 0.6274077841586179 0.5960885258492018 0.6382518476258245 0.5874170433947379 0.6382518476258245
0 0.44811387364238475 0.6737755038115018 0.45818398229918134 0.6737755038115018 0.45818398229918134 0.6849935005017156 0.44811387364238475 0.6849935005017156
0 0.47972282581510745 0.6924721649618583 0.48951320923143743 0.6924721649618583 0.48951320923143743 0.7040640948750793 0.47972282581510745 0.7040640948750793
0 0.5118912284687633 0.68312383438668 0.5191640847208944 0.68312383438668 0.5191640847208944 0.6928460981848653 0.5118912284687633 0.6928460981848653
0 0.5398637525154205 0.6943418310768937 0.5482555097294177 0.6943418310768937 0.5482555097294177 0.7033162284290647 0.5398637525154205 0.7033162284290647
0 0.5798644619021404 0.6932200314078724 0.5874170433947379 0.6932200314078724 0.5874170433947379 0.7059337609901148 0.5798644619021404 0.7059337609901148
0 0.7871408650878706 0.3252697399688585 0.7938542708590685 0.3252697399688585 0.7938542708590685 0.33387020409802237 0.7871408650878706 0.33387020409802237
0 0.8114769610084623 0.3256436731918656 0.8195889929819931 0.3256436731918656 0.8195889929819931 0.3346180705440367 0.8114769610084623 0.3346180705440367
0 0.8400089355360528 0.32826120575291556 0.8453237151049178 0.32826120575291556 0.8453237151049178 0.33873133599711513 0.8400089355360528 0.33873133599711513
0 0.8741354148729746 0.3323744712059939 0.8814082711251054 0.3323744712059939 0.8814082711251054 0.34209673500417925 0.8741354148729746 0.34209673500417925
0 0.7890989417711366 0.3787421908588778 0.7944137213400014 0.3787421908588778 0.7944137213400014 0.385472988873006 0.7890989417711366 0.385472988873006
0 0.8201484434629261 0.3809857901969205 0.8277010249555236 0.3809857901969205 0.8277010249555236 0.3895862543260845 0.8201484434629261 0.3895862543260845
0 0.8542749227998481 0.3862208553190204 0.863505855735245 0.3862208553190204 0.863505855735245 0.39444738622517717 0.8542749227998481 0.39444738622517717
0 0.8842055235297712 0.39444738622517717 0.891478379781902 0.39444738622517717 0.891478379781902 0.40416965002336247 0.8842055235297712 0.40416965002336247
0 0.8979120603126333 0.38734265498804166 0.9063038175266304 0.38734265498804166 0.9063038175266304 0.3955691858941985 0.8979120603126333 0.3955691858941985
0 0.7692384496980099 0.4669904314885599 0.7770707564310739 0.4669904314885599 0.7770707564310739 0.4789562946247881 0.7692384496980099 0.4789562946247881
0 0.7977704242256003 0.46512076537352426 0.8050432804777313 0.46512076537352426 0.8050432804777313 0.4748430291717096 0.7977704242256003 0.4748430291717096
0 0.8254632230317911 0.4729733630566741 0.8324563540434553 0.4729733630566741 0.8324563540434553 0.48119989396283086 0.8254632230317911 0.48119989396283086
0 0.8587505266473133 0.4740951627256954 0.8682611848231767 0.4740951627256954 0.8682611848231767 0.4819477604088451 0.8587505266473133 0.4819477604088451
0 0.8844852487702378 0.4707297637186313 0.8931567312247013 0.4707297637186313 0.8931567312247013 0.48082596073982375 0.8844852487702378 0.48082596073982375
0 0.7700776254194097 0.5256979475006791 0.7784693826334067 0.5256979475006791 0.7784693826334067 0.5350462780758573 0.7700776254194097 0.5350462780758573
0 0.7997285009088663 0.5286894132847362 0.8067216319205307 0.5286894132847362 0.8067216319205307 0.5384116770829215 0.7997285009088663 0.5384116770829215
0 0.8277010249555237 0.528315480061729 0.8360927821695209 0.528315480061729 0.8360927821695209 0.5384116770829215 0.8277010249555237 0.5384116770829215
0 0.8576316256854468 0.5197150159325651 0.8635058557352446 0.5197150159325651 0.8635058557352446 0.5301851461767647 0.8576316256854468 0.5301851461767647
0 0.8895203030986361 0.5230804149396293 0.8973526098317001 0.5230804149396293 0.8973526098317001 0.5324287455148075 0.8895203030986361 0.5324287455148075
0 0.7711965263812759 0.6203030529214826 0.7798680088357398 0.6203030529214826 0.7798680088357398 0.6300253167196679 0.7711965263812759 0.6300253167196679
0 0.8028054785539986 0.6210509193674968 0.8109175105275291 0.6210509193674968 0.8109175105275291 0.6307731831656821 0.8028054785539986 0.6307731831656821
0 0.8369319578909206 0.6247902515975681 0.8447642646239845 0.6247902515975681 0.8447642646239845 0.6307731831656821 0.8369319578909206 0.6307731831656821
0 0.8688206353041097 0.6188073200294539 0.8783312934799731 0.6188073200294539 0.8783312934799731 0.6289035170506464 0.8688206353041097 0.6289035170506464
0 0.9099402456526959 0.6150679877993828 0.916373926183427 0.6150679877993828 0.916373926183427 0.6236684519285467 0.9099402456526959 0.6236684519285467
0 0.7695181749384765 0.6745233702575161 0.777070756431074 0.6745233702575161 0.777070756431074 0.6831238343866801 0.7695181749384765 0.6831238343866801
0 0.802525753313532 0.671157971250452 0.8100783348061296 0.671157971250452 0.8100783348061296 0.6823759679406658 0.802525753313532 0.6823759679406658
0 0.845883165585851 0.6778887692645803 0.8537154723189149 0.6778887692645803 0.8537154723189149 0.6868631666167513 0.845883165585851 0.6868631666167513
0 0.8800096449227727 0.6700361715814306 0.8864433254535039 0.6700361715814306 0.8864433254535039 0.6771409028185661 0.8800096449227727 0.6771409028185661
0 0.9144158495001611 0.6651750396823379 0.9200103543094925 0.6651750396823379 0.9200103543094925 0.6760191031495445 0.9144158495001611 0.6760191031495445
