0 0.4418280217585003 0.14979590822266636 0.4508248727531353 0.14979590822266636 0.4508248727531353 0.15752747299303735 0.4418280217585003 0.15752747299303735
0 0.4818318770739307 0.1474334856539419 0.48841885726643136 0.1474334856539419 0.48841885726643136 0.1555945818004446 0.4818318770739307 0.1555945818004446
0 0.5025567659722864 0.14872207978233706 0.50866177200436 0.14872207978233706 0.50866177200436 0.1577422386811032 0.5025567659722864 0.1577422386811032
0 0.5425606212877169 0.15086973666299566 0.5491476014802174 0.15086973666299566 0.5491476014802174 0.1592455984975642 0.5425606212877169 0.1592455984975642
0 0.4424706539724028 0.20005107923007776 0.450021582485757 0.20005107923007776 0.450021582485757 0.2097155351930415 0.4424706539724028 0.2097155351930415
0 0.48118924486002834 0.20048061060620945 0.48809754115948006 0.20048061060620945 0.48809754115948006 0.208856472440778 0.48118924486002834 0.208856472440778
0 0.5112323008599701 0.20069537629427536 0.5187832293733244 0.20069537629427536 0.5187832293733244 0.20993030088110737 0.5112323008599701 0.20993030088110737
0 0.5468983887315586 0.2026282674868681 0.5539673430844861 0.2026282674868681 0.5539673430844861 0.21121889500950253 0.5468983887315586 0.21121889500950253
0 0.5814398702288179 0.20048061060620945 0.5881875084747942 0.20048061060620945 0.5881875084747942 0.20907123812884387 0.5814398702288179 0.20907123812884387
0 0.4423099959189271 0.30850775170333733 0.44970026637880584 0.30850775170333733 0.44970026637880584 0.3188165047304986 0.4423099959189271 0.3188165047304986
0 0.47813674184399135 0.3009909526210322 0.4858483284108214 0.3009909526210322 0.4858483284108214 0.30893728307946905 0.47813674184399135 0.30893728307946905
0 0.5191045454802756 0.3125882997765887 0.5266554739936299 0.3125882997765887 0.5266554739936299 0.32031986454695965 0.5191045454802756 0.32031986454695965
0 0.5433639115550949 0.30636009482267873 0.5488262853732662 0.30636009482267873 0.5488262853732662 0.31688361353790584 0.5433639115550949 0.31688361353790584
0 0.5647314326673529 0.29583657610745157 0.5705151225924755 0.29583657610745157 0.5705151225924755 0.3050715006942835 0.5647314326673529 0.3050715006942835
0 0.4434346022932565 0.3561857344539583 0.4497002663788059 0.3561857344539583 0.4497002663788059 0.3664944874811196 0.4434346022932565 0.3664944874811196
0 0.4686579166889296 0.35296424913297053 0.47556621298838136 0.35296424913297053 0.47556621298838136 0.36134011096753904 0.4686579166889296 0.36134011096753904
0 0.5015928176514326 0.35231995206877287 0.5086617720043599 0.35231995206877287 0.5086617720043599 0.3609105795914074 0.5015928176514326 0.3609105795914074
0 0.5271374481540568 0.35425284326136564 0.5338850864000331 0.35425284326136564 0.5338850864000331 0.3630582364720659 0.5271374481540568 0.3630582364720659
0 0.5522001044962542 0.3606958139033415 0.5602330071700354 0.3606958139033415 0.5602330071700354 0.3692864414259759 0.5522001044962542 0.3692864414259759
0 0.4501822405392326 0.4622799843584935 0.4567692207317332 0.4622799843584935 0.4567692207317332 0.4725887373856548 0.4501822405392326 0.4725887373856548
0 0.4750842388279545 0.4631390471107569 0.48295648344826003 0.4631390471107569 0.48295648344826003 0.47194444032145716 0.4750842388279545 0.47194444032145716
0 0.5033600562396644 0.4663605324317448 0.5097863783786893 0.4663605324317448 0.5097863783786893 0.47709881683503785 0.5033600562396644 0.47709881683503785
0 0.5407933826994848 0.4665752981198107 0.5491476014802174 0.4665752981198107 0.5491476014802174 0.4762397540827744 0.5407933826994848 0.4762397540827744
0 0.5791906574801591 0.466145766743679 0.5865809279400378 0.466145766743679 0.5865809279400378 0.4762397540827744 0.5791906574801591 0.4762397540827744
0 0.4521101371809402 0.5224143770169345 0.4603036979081971 0.5224143770169345 0.4603036979081971 0.5303607074753713 0.4521101371809402 0.5303607074753713
0 0.4827958253947844 0.5267096907782517 0.49034675390813864 0.5267096907782517 0.49034675390813864 0.5357298496770179 0.4827958253947844 0.5357298496770179
0 0.5157307263572875 0.5211257828885394 0.5223177065497882 0.5211257828885394 0.5223177065497882 0.5320788329798982 0.5157307263572875 0.5320788329798982
0 0.5526820786566811 0.5157566406868928 0.560875639383938 0.5157566406868928 0.560875639383938 0.5241325025214613 0.5526820786566811 0.5241325025214613
0 0.5774234188919272 0.5142532808704318 0.5848136893518059 0.5142532808704318 0.5848136893518059 0.5234882054572638 0.5774234188919272 0.5234882054572638
0 0.4586971173734409 0.6255019072885476 0.4668906781006977 0.6255019072885476 0.4668906781006977 0.6328039406827869 0.4586971173734409 0.6328039406827869
0 0.4882581992129558 0.6270052671050086 0.49532715356588336 0.6270052671050086 0.49532715356588336 0.635810660315709 0.4882581992129558 0.635810660315709
0 0.5149274360899094 0.6282938612334038 0.5223177065497882 0.6282938612334038 0.5223177065497882 0.6383878485724992 0.5149274360899094 0.6383878485724992
0 0.5547706333518643 0.6297972210498648 0.5615182715978404 0.6297972210498648 0.5615182715978404 0.6409650368292897 0.5547706333518643 0.6409650368292897
0 0.5885088245817454 0.6287233926095356 0.5955777789346729 0.6287233926095356 0.5955777789346729 0.6383878485724992 0.5885088245817454 0.6383878485724992
0 0.4488969761114278 0.6751127812317615 0.456929878785209 0.6751127812317615 0.456929878785209 0.6830591116901984 0.4488969761114278 0.6830591116901984
0 0.4818318770739307 0.6931530990292937 0.48841885726643136 0.6931530990292937 0.48841885726643136 0.7041061491206525 0.4818318770739307 0.7041061491206525
0 0.5115536169669213 0.681985283249869 0.5178192810524707 0.681985283249869 0.5178192810524707 0.6925088019650962 0.5115536169669213 0.6925088019650962
0 0.5406327246460093 0.6953007559099524 0.5483443112128391 0.6953007559099524 0.5483443112128391 0.703676617744521 0.5406327246460093 0.703676617744521
0 0.5791906574801592 0.6935826304054253 0.5859382957261354 0.6935826304054253 0.5859382957261354 0.7041061491206525 0.5791906574801592 0.7041061491206525
0 0.7870871113411613 0.3267795976508889 0.7939954076406132 0.3267795976508889 0.7939954076406132 0.334296396733194 0.7870871113411613 0.334296396733194
0 0.8118284515764074 0.32549100352249366 0.819700696196713 0.32549100352249366 0.819700696196713 0.33408163104512806 0.8118284515764074 0.33408163104512806
0 0.8399436109346418 0.3272091290270206 0.8455666428062886 0.3272091290270206 0.8455666428062886 0.337303116366116 0.8399436109346418 0.337303116366116
0 0.874485092431901 0.3336520996689964 0.8815540467848284 0.3336520996689964 0.8815540467848284 0.3420279615035649 0.874485092431901 0.3420279615035649
0 0.7891756660363444 0.37789383141056365 0.7949593559614669 0.37789383141056365 0.7949593559614669 0.38648445893319816 0.7891756660363444 0.38648445893319816
0 0.8203433284106157 0.38154484810768335 0.8270909666565918 0.38154484810768335 0.8270909666565918 0.3890616471899885 0.8203433284106157 0.3890616471899885
0 0.855688100175253 0.3862696932451323 0.861632448153851 0.3862696932451323 0.861632448153851 0.39507508645583256 0.855688100175253 0.39507508645583256
0 0.8854098400682434 0.39486032076776667 0.8910328719398902 0.39486032076776667 0.8910328719398902 0.4034509482904012 0.8854098400682434 0.4034509482904012
0 0.8981018262928177 0.3875582873735275 0.9056527548061721 0.3875582873735275 0.9056527548061721 0.3950750864558326 0.8981018262928177 0.3950750864558326
0 0.7705393318331721 0.4685249517743568 0.7764836798117701 0.4685249517743568 0.7764836798117701 0.47861893911345227 0.7705393318331721 0.47861893911345227
0 0.7981725170309795 0.4655182321414348 0.8037955489026265 0.4655182321414348 0.8037955489026265 0.4747531567282668 0.7981725170309795 0.4747531567282668
0 0.8264483344426894 0.4730350312237399 0.8317500502073849 0.4730350312237399 0.8317500502073849 0.4818404244344403 0.8264483344426894 0.4818404244344403
0 0.8595438934586681 0.4741088596640693 0.866773505865071 0.4741088596640693 0.866773505865071 0.48162565874637436 0.8595438934586681 0.48162565874637436
0 0.8841245756404387 0.47282026553567413 0.891675504153793 0.47282026553567413 0.891675504153793 0.48055183030604504 0.8841245756404387 0.48055183030604504
0 0.7703786737796965 0.5273707503044027 0.7784115764534778 0.5273707503044027 0.7784115764534778 0.5348875493867078 0.7703786737796965 0.5348875493867078
0 0.7991364653518334 0.5295184071850614 0.8065267358117121 0.5295184071850614 0.8065267358117121 0.5374647376434981 0.7991364653518334 0.5374647376434981
0 0.8290188632982995 0.5297331728731272 0.8349632112768975 0.5297331728731272 0.8349632112768975 0.5381090347076957 0.8290188632982995 0.5381090347076957
0 0.8580979709773874 0.520713013974361 0.8630783706351317 0.520713013974361 0.8630783706351317 0.5305922356253906 0.8580979709773874 0.5305922356253906
0 0.8905508977794635 0.523934499295349 0.8974591940789153 0.523934499295349 0.8974591940789153 0.5327398925060493 0.8905508977794635 0.5327398925060493
0 0.7716639382075015 0.6188609334204593 0.7784115764534776 0.6188609334204593 0.7784115764534776 0.6300287491998842 0.7716639382075015 0.6300287491998842
0 0.8041168650095775 0.6212233559891838 0.8100612129881757 0.6212233559891838 0.8100612129881757 0.6306730462640818 0.8041168650095775 0.6306730462640818
0 0.8384976884533611 0.6246596069982375 0.844120720325008 0.6246596069982375 0.844120720325008 0.6315321090163452 0.8384976884533611 0.6315321090163452
0 0.8707899572019616 0.6203642932369203 0.8776982535014135 0.6203642932369203 0.8776982535014135 0.6291696864476207 0.8707899572019616 0.6291696864476207
0 0.9115971027847704 0.6143508539710762 0.9164168443890391 0.6143508539710762 0.9164168443890391 0.6246596069982375 0.9115971027847704 0.6246596069982375
0 0.7695753835123181 0.673411418189188 0.7760017056513433 0.673411418189188 0.7760017056513433 0.6837201712163492 0.7695753835123181 0.6837201712163492
0 0.8031529166887238 0.6721228240607927 0.8094185807742731 0.6721228240607927 0.8094185807742731 0.6822168113998882 0.8031529166887238 0.6822168113998882
0 0.8450846686458617 0.6781362633266369 0.8529569132661674 0.6781362633266369 0.8529569132661674 0.6852235310328105 0.8450846686458617 0.6852235310328105
0 0.8801081243035476 0.6701899328681997 0.8863737883890952 0.6701899328681997 0.8863737883890952 0.676847669198242 0.8801081243035476 0.676847669198242
0 0.9141676316403804 0.6663241504830145 0.9196300054585513 0.6663241504830145 0.9196300054585513 0.6751295436937149 0.9141676316403804 0.6751295436937149
