0 0.13941902458332606 0.16113090540221775 0.1461905623744474 0.16113090540221775 0.1461905623744474 0.17071548982829746 0.13941902458332606 0.17071548982829746
0 0.1707539837736131 0.16201836692315105 0.17593221855505883 0.16201836692315105 0.17593221855505883 0.1716029513492308 0.1707539837736131 0.1716029513492308
0 0.19452075366794103 0.16024344388128442 0.20155784196067503 0.16024344388128442 0.20155784196067503 0.1701830129157375 0.19452075366794103 0.1701830129157375
0 0.22054470282597605 0.16698815144037757 0.22784734162032264 0.16698815144037757 0.22784734162032264 0.17692772047483066 0.22054470282597605 0.17692772047483066
0 0.24763085399046147 0.16432576687757763 0.25334018977513245 0.16432576687757763 0.25334018977513245 0.17533028973715065 0.24763085399046147 0.17533028973715065
0 0.14048122658977646 0.21934838117544275 0.14844774163815455 0.21934838117544275 0.14844774163815455 0.22573810412616255 0.14048122658977646 0.22573810412616255
0 0.16504464798894214 0.21721847352520285 0.17208173628167614 0.21721847352520285 0.17208173628167614 0.22644807334290923 0.16504464798894214 0.22644807334290923
0 0.2036822459735758 0.22502813490941595 0.21111766001872864 0.22502813490941595 0.21111766001872864 0.23514519624805563 0.2036822459735758 0.23514519624805563
0 0.2330255764017684 0.21881590426288275 0.2388676874372456 0.21881590426288275 0.2388676874372456 0.22840048868896248 0.2330255764017684 0.22840048868896248
0 0.261970581077542 0.222898227259176 0.2678126921130192 0.222898227259176 0.2678126921130192 0.23443522703130898 0.261970581077542 0.23443522703130898
0 0.13809127207526303 0.3196315330409065 0.14446448411396548 0.3196315330409065 0.14446448411396548 0.3297485943795462 0.13809127207526303 0.3297485943795462
0 0.16106139046475312 0.3215839483869598 0.16809847875748707 0.3215839483869598 0.16809847875748707 0.33063605590047945 0.16106139046475312 0.33063605590047945
0 0.1829693068477928 0.3187440715199732 0.19186524865181495 0.3187440715199732 0.19186524865181495 0.32797367133767963 0.1829693068477928 0.32797367133767963
0 0.21868584931468785 0.32513379447069307 0.22625403861064697 0.32513379447069307 0.22625403861064697 0.33507336350514616 0.21868584931468785 0.33507336350514616
0 0.2534729650259387 0.3246013175581331 0.2594478513122223 0.3246013175581331 0.2594478513122223 0.3348958712009594 0.2534729650259387 0.3348958712009594
0 0.13875514832929453 0.3680869320838651 0.1448628098663844 0.3680869320838651 0.1448628098663844 0.37784900881413147 0.13875514832929453 0.37784900881413147
0 0.161459716217172 0.37234674738434514 0.1680984787574871 0.37234674738434514 0.1680984787574871 0.3821088241146115 0.161459716217172 0.3821088241146115
0 0.18389873360343692 0.37270173199271833 0.19279467540745912 0.37270173199271833 0.19279467540745912 0.3808663779853047 0.18389873360343692 0.3808663779853047
0 0.20859493025340897 0.36684448595455854 0.215233692793724 0.36684448595455854 0.215233692793724 0.3787364703350649 0.20859493025340897 0.3787364703350649
0 0.2305028466364486 0.371281793559225 0.23687605867515107 0.371281793559225 0.23687605867515107 0.3821088241146114 0.2305028466364486 0.3821088241146114
0 0.12959365602365977 0.4729848838581823 0.1372946205704252 0.4729848838581823 0.1372946205704252 0.48132702215495543 0.12959365602365977 0.48132702215495543
0 0.15229822391153727 0.470499991599569 0.15920253695346492 0.470499991599569 0.15920253695346492 0.4799070837214621 0.15229822391153727 0.4799070837214621
0 0.17433891554538325 0.471564945424689 0.18124322858731093 0.471564945424689 0.18124322858731093 0.4809720375465821 0.17433891554538325 0.4809720375465821
0 0.19584850617600405 0.47316237616236895 0.20248726871631914 0.47316237616236895 0.20248726871631914 0.4829244528926353 0.19584850617600405 0.4829244528926353
0 0.22134135433081387 0.47422732998748884 0.23023729613483604 0.47422732998748884 0.23023729613483604 0.4829244528926353 0.22134135433081387 0.4829244528926353
0 0.13251471154139838 0.5248126366806874 0.14008290083735755 0.5248126366806874 0.14008290083735755 0.5336872518900206 0.13251471154139838 0.5336872518900206
0 0.1568125824389515 0.5308473750230339 0.16331856972846026 0.5308473750230339 0.16331856972846026 0.5407869440574871 0.1568125824389515 0.5407869440574871
0 0.17978270082844158 0.5257000982016208 0.18562481186391885 0.5257000982016208 0.18562481186391885 0.5358171595402604 0.17978270082844158 0.5358171595402604
0 0.20036286470341827 0.5257000982016208 0.2075327282469585 0.5257000982016208 0.2075327282469585 0.5351071903235138 0.20036286470341827 0.5351071903235138
0 0.22771456636951629 0.5288949596769806 0.2360794071703133 0.5288949596769806 0.2360794071703133 0.5375920825821271 0.22771456636951629 0.5375920825821271
0 0.13092140853172277 0.6208359732456714 0.13782572157365042 0.6208359732456714 0.13782572157365042 0.628823126934071 0.13092140853172277 0.628823126934071
0 0.15482095367685697 0.6181735886828714 0.16053028946152795 0.6181735886828714 0.16053028946152795 0.6281131577173243 0.15482095367685697 0.6281131577173243
0 0.17380781454215805 0.6206584809414847 0.1805793523332794 0.6206584809414847 0.1805793523332794 0.629355603846631 0.17380781454215805 0.629355603846631
0 0.20514277373244513 0.6242083270252179 0.21337483928243575 0.6242083270252179 0.21337483928243575 0.6337929114512977 0.20514277373244513 0.6337929114512977
0 0.23807103593240778 0.6249182962419645 0.2441786974694976 0.6249182962419645 0.2441786974694976 0.6348578652764175 0.23807103593240778 0.6348578652764175
0 0.15189989815911834 0.6588193263416169 0.1584058854486271 0.6588193263416169 0.1584058854486271 0.6687588953760701 0.15189989815911834 0.6687588953760701
0 0.13517021655752443 0.674438649110043 0.1423400801010647 0.674438649110043 0.1423400801010647 0.6843782181444962 0.13517021655752443 0.6843782181444962
0 0.18203988009214872 0.6701788338095633 0.189209743635689 0.6701788338095633 0.189209743635689 0.6779884951937764 0.18203988009214872 0.6779884951937764
0 0.20992268276147197 0.6733736952849233 0.21695977105420594 0.6733736952849233 0.21695977105420594 0.6831357720151897 0.20992268276147197 0.6831357720151897
0 0.23183059914451165 0.6707113107221232 0.24006266469450233 0.6707113107221232 0.24006266469450233 0.6804733874523896 0.23183059914451165 0.6804733874523896
0 0.13251471154139838 0.772591893325267 0.13782572157365042 0.772591893325267 0.13782572157365042 0.78253146235972 0.13251471154139838 0.78253146235972
0 0.14858051688896085 0.7795140931885469 0.15468817842605068 0.7795140931885469 0.15468817842605068 0.7910510929606799 0.14858051688896085 0.7910510929606799
0 0.1691606807639375 0.7775616778424935 0.17593221855505886 0.7775616778424935 0.17593221855505886 0.7882112160936933 0.1691606807639375 0.7882112160936933
0 0.19797291018890487 0.7759642471048136 0.20514277373244516 0.7759642471048136 0.20514277373244516 0.7851938469225201 0.19797291018890487 0.7851938469225201
0 0.22041192757516975 0.7789816162759869 0.22612126335984073 0.7789816162759869 0.22612126335984073 0.7896311545271865 0.22041192757516975 0.7896311545271865
0 0.1339752393002677 0.8240646615393988 0.14061400184058273 0.8240646615393988 0.14061400184058273 0.8325842921403586 0.1339752393002677 0.8325842921403586
0 0.15468817842605068 0.8274370153189454 0.1602647389599153 0.8274370153189454 0.1602647389599153 0.8386190304827051 0.15468817842605068 0.8386190304827051
0 0.17433891554538325 0.8331167690529185 0.18230543059376134 0.8331167690529185 0.18230543059376134 0.8405714458287583 0.17433891554538325 0.8405714458287583
0 0.19186524865181503 0.8352466767031586 0.2019561677130939 0.8352466767031586 0.2019561677130939 0.8441212919124916 0.19186524865181503 0.8441212919124916
0 0.20593942523728292 0.8386190304827053 0.21443704128888622 0.8386190304827053 0.21443704128888622 0.8478486303004116 0.20593942523728292 0.8478486303004116
0 0.24550644997756066 0.8368441074408385 0.2525435382702946 0.8368441074408385 0.2525435382702946 0.8464286918669183 0.24550644997756066 0.8464286918669183
0 0.1433175544468622 0.018743187322111467 0.1506201932412088 0.018743187322111467 0.1506201932412088 0.0294814717254045 0.1433175544468622 0.0294814717254045
0 0.16434915417458032 0.019328911925927453 0.17194389852070072 0.019328911925927453 0.17194389852070072 0.02909098865619385 0.16434915417458032 0.02909098865619385
0 0.19399786767962734 0.022843259548823353 0.2007162953704262 0.022843259548823353 0.2007162953704262 0.03319106088290573 0.19399786767962734 0.03319106088290573
0 0.21634394239032786 0.019133670391322122 0.22554526727120452 0.019133670391322122 0.22554526727120452 0.026552848706324586 0.21634394239032786 0.026552848706324586
0 0.2484755530854527 0.019524153460532778 0.2557781918797993 0.019524153460532778 0.2557781918797993 0.027333814844745893 0.2484755530854527 0.027333814844745893
0 0.14448597665395765 0.07145840166554998 0.1519346682241912 0.07145840166554998 0.1519346682241912 0.08239192760344834 0.14448597665395765 0.08239192760344834
0 0.17004521243417062 0.07262985087318194 0.17749390400440415 0.07262985087318194 0.17749390400440415 0.08278241067265898 0.17004521243417062 0.08278241067265898
0 0.19151497048954955 0.07399654161541923 0.19954787316333075 0.07399654161541923 0.19954787316333075 0.08434434294950159 0.19151497048954955 0.08434434294950159
0 0.21678210071798865 0.07419178315002456 0.22510710894354374 0.07419178315002456 0.22510710894354374 0.08141571993042171 0.21678210071798865 0.08141571993042171
0 0.2464308142230357 0.06931074478489135 0.25212687248262605 0.06931074478489135 0.25212687248262605 0.07985378765357906 0.2464308142230357 0.07985378765357906
