0 0.14355915465621452 0.025231849343970034 0.14859248480958526 0.025231849343970034 0.14859248480958526 0.0322406963839617 0.14355915465621452 0.0322406963839617
0 0.1645313636285927 0.024951495462370365 0.1704035821408586 0.024951495462370365 0.1704035821408586 0.032521050265561374 0.1645313636285927 0.032521050265561374
0 0.19347301201047462 0.028596095923166035 0.19913550843301672 0.028596095923166035 0.19913550843301672 0.03588529684475738 0.19347301201047462 0.03588529684475738
0 0.21633271979036686 0.022708664409573028 0.2228341045718041 0.022708664409573028 0.2228341045718041 0.02999786533116437 0.21633271979036686 0.02999786533116437
0 0.24883964369755304 0.024110433817571365 0.2540826959406476 0.024110433817571365 0.2540826959406476 0.030558573094363706 0.24883964369755304 0.030558573094363706
0 0.1437688767459383 0.0782187329663071 0.1506897057068231 0.0782187329663071 0.1506897057068231 0.08494722612469911 0.1437688767459383 0.08494722612469911
0 0.16872580542306836 0.0765366096767091 0.17501746811478183 0.0765366096767091 0.17501746811478183 0.08634899553269744 0.16872580542306836 0.08634899553269744
0 0.19158551320296058 0.08102227178230377 0.19976467470218806 0.08102227178230377 0.19976467470218806 0.08719005717749646 0.19158551320296058 0.08719005717749646
0 0.21696188605953823 0.07765802520310776 0.2230438266615279 0.07765802520310776 0.2230438266615279 0.08550793388789843 0.21696188605953823 0.08550793388789843
0 0.24674242280031522 0.07289200921591342 0.2507271425050671 0.07289200921591342 0.2507271425050671 0.08298474895350146 0.24674242280031522 0.08298474895350146
0 0.14062304540008155 0.16176418968300788 0.14649526391234746 0.16176418968300788 0.14649526391234746 0.16989445224939823 0.14062304540008155 0.16989445224939823
0 0.17145219258947753 0.16260525132780684 0.17732441110174343 0.16260525132780684 0.17732441110174343 0.17101586777579686 0.17145219258947753 0.17101586777579686
0 0.19557023290771244 0.16092312803820888 0.20165217350970208 0.16092312803820888 0.20165217350970208 0.1693337444861989 0.19557023290771244 0.1693337444861989
0 0.2226243824820803 0.16737126731500124 0.22807715681489865 0.16737126731500124 0.22807715681489865 0.17634259152619056 0.2226243824820803 0.17634259152619056
0 0.24842019951810548 0.16428737461740486 0.25429241803037134 0.16428737461740486 0.25429241803037134 0.17409976047339323 0.24842019951810548 0.17409976047339323
0 0.14167165584870048 0.21951708929253924 0.1494313731684804 0.21951708929253924 0.1494313731684804 0.22512416692453258 0.14167165584870048 0.22512416692453258
0 0.15110914988627067 0.21334930389734658 0.15928831138549815 0.21334930389734658 0.15928831138549815 0.22035815093733827 0.15110914988627067 0.22035815093733827
0 0.20437856067611126 0.2256848746877319 0.2112993896369961 0.2256848746877319 0.2112993896369961 0.2340954911357219 0.20437856067611126 0.2340954911357219
0 0.23373965323744078 0.21783496600294122 0.24003131592915422 0.21783496600294122 0.24003131592915422 0.2276473518589296 0.23373965323744078 0.2276473518589296
0 0.26310074579877024 0.22400275139813397 0.2687632422213123 0.22400275139813397 0.2687632422213123 0.2329740756093233 0.26310074579877024 0.2329740756093233
0 0.140203601220634 0.3198837789052201 0.14565637555345232 0.3198837789052201 0.14565637555345232 0.3302568725244078 0.140203601220634 0.3302568725244078
0 0.16285358691080243 0.3221266099580174 0.16935497169223968 0.3221266099580174 0.16935497169223968 0.33081758028760705 0.16285358691080243 0.33081758028760705
0 0.184454962152352 0.3184820094972217 0.19326328992075084 0.3184820094972217 0.19326328992075084 0.3271729798268114 0.184454962152352 0.3271729798268114
0 0.2196882732259473 0.3252105026556137 0.2272382684560035 0.3252105026556137 0.2272382684560035 0.33418182686680303 0.2196882732259473 0.33418182686680303
0 0.2549215842995427 0.3240890871292151 0.2607938028118086 0.3240890871292151 0.2607938028118086 0.3353032423932017 0.2549215842995427 0.3353032423932017
0 0.13957443495146266 0.3689457081851618 0.1464952639123475 0.3689457081851618 0.1464952639123475 0.3779170323963512 0.13957443495146266 0.3779170323963512
0 0.1630633090005262 0.3725903086459575 0.16956469378196348 0.3725903086459575 0.16956469378196348 0.3821223406203462 0.1630633090005262 0.3821223406203462
0 0.18508412842152333 0.36838500042196254 0.19389245618992218 0.36838500042196254 0.19389245618992218 0.37567420134355384 0.18508412842152333 0.37567420134355384
0 0.2100410570986534 0.3672635848955638 0.21633271979036686 0.3672635848955638 0.21633271979036686 0.37735632463315183 0.2100410570986534 0.37735632463315183
0 0.23185215442992665 0.37062783147475975 0.23835353921136393 0.37062783147475975 0.23835353921136393 0.3807205712123477 0.23185215442992665 0.3807205712123477
0 0.13286332808030163 0.4737980599034372 0.14083276748980533 0.4737980599034372 0.14083276748980533 0.4824890302330269 0.13286332808030163 0.4824890302330269
0 0.15614248003964143 0.47211593661383916 0.1634827531799738 0.47211593661383916 0.1634827531799738 0.4805265530618292 0.15614248003964143 0.4805265530618292
0 0.17669524483257207 0.4718355827322396 0.18445496215235202 0.4718355827322396 0.18445496215235202 0.4808069069434289 0.17669524483257207 0.4808069069434289
0 0.19892578634329294 0.4732373521402378 0.20605633739390153 0.4732373521402378 0.20605633739390153 0.4830497379962262 0.19892578634329294 0.4830497379962262
0 0.22451188128959434 0.474919475429836 0.2343688195066121 0.474919475429836 0.2343688195066121 0.4844515074042247 0.22451188128959434 0.4844515074042247
0 0.1364286036056059 0.5259438818809753 0.14418832092538586 0.5259438818809753 0.14418832092538586 0.533793790565766 0.1364286036056059 0.533793790565766
0 0.1609660881032884 0.5315509595129686 0.16704802870527813 0.5315509595129686 0.16704802870527813 0.5416436992505567 0.1609660881032884 0.5416436992505567
0 0.18340635170373307 0.5259438818809753 0.18885912603655144 0.5259438818809753 0.18885912603655144 0.5363169755001629 0.18340635170373307 0.5363169755001629
0 0.2031202281377686 0.5265045896441747 0.2110896675472723 0.5265045896441747 0.2110896675472723 0.5354759138553641 0.2031202281377686 0.5354759138553641
0 0.23059382189158403 0.527906359052173 0.2389827054805353 0.527906359052173 0.2389827054805353 0.5385598065529602 0.23059382189158403 0.5385598065529602
0 0.13286332808030163 0.6204231399800632 0.13978415704118644 0.6204231399800632 0.13978415704118644 0.6282730486648539 0.13286332808030163 0.6282730486648539
0 0.1578202567574317 0.6181803089272657 0.16264386482107868 0.6181803089272657 0.16264386482107868 0.6271516331384551 0.1578202567574317 0.6271516331384551
0 0.17543691229422936 0.6204231399800632 0.18319662961400932 0.6204231399800632 0.18319662961400932 0.6291141103096529 0.17543691229422936 0.6291141103096529
0 0.207524392021968 0.6249088020856578 0.21612299770064303 0.6249088020856578 0.21612299770064303 0.6333194185336479 0.207524392021968 0.6333194185336479
0 0.240241038018878 0.6235070326776595 0.246952144890039 0.6235070326776595 0.246952144890039 0.6338801262968471 0.240241038018878 0.6338801262968471
0 0.1378966582336724 0.6748117930103983 0.14439804301510964 0.6748117930103983 0.14439804301510964 0.6837831172215878 0.1378966582336724 0.6837831172215878
0 0.1540452591424036 0.659392329522417 0.16159525437245972 0.659392329522417 0.16159525437245972 0.6672422382072075 0.1540452591424036 0.6672422382072075
0 0.1842452400626282 0.6700457770232041 0.1930535678310271 0.6700457770232041 0.1930535678310271 0.6776153318263952 0.1842452400626282 0.6776153318263952
0 0.21318688844451011 0.6731296697208006 0.2198979953156712 0.6731296697208006 0.2198979953156712 0.6835027633399883 0.21318688844451011 0.6835027633399883
0 0.23478826368605965 0.6714475464312025 0.2423382589161158 0.6714475464312025 0.2423382589161158 0.6795778089975929 0.23478826368605965 0.6795778089975929
0 0.1343313827083681 0.7723749438070827 0.1410424895795291 0.7723749438070827 0.1410424895795291 0.7833087451894697 0.1343313827083681 0.7833087451894697
0 0.1506897057068231 0.7791034369654747 0.15761053466770789 0.7791034369654747 0.15761053466770789 0.7894765305846624 0.1506897057068231 0.7894765305846624
0 0.1727105251278202 0.778823083083875 0.17879246572980984 0.778823083083875 0.17879246572980984 0.7875140534134646 0.1727105251278202 0.7875140534134646
0 0.20123272933025455 0.775458836504679 0.20794383620141554 0.775458836504679 0.20794383620141554 0.7847105145974679 0.20123272933025455 0.7847105145974679
0 0.2219952162129089 0.778823083083875 0.22912576726351747 0.778823083083875 0.22912576726351747 0.7903175922294612 0.2219952162129089 0.7903175922294612
0 0.13705776987477727 0.8239600580214215 0.1433494325664907 0.8239600580214215 0.1433494325664907 0.83349208999581 0.13705776987477727 0.83349208999581
0 0.1578202567574317 0.8281653662454164 0.16369247526969757 0.8281653662454164 0.16369247526969757 0.8379777521014049 0.1578202567574317 0.8379777521014049
0 0.17816329946063852 0.83349208999581 0.1852938505112471 0.83349208999581 0.1852938505112471 0.8405009370358018 0.17816329946063852 0.8405009370358018
0 0.19619939917688378 0.8346135055222088 0.20458828276583502 0.8346135055222088 0.20458828276583502 0.8421830603253998 0.19619939917688378 0.8421830603253998
0 0.20899244665003447 0.8390991676278035 0.2163327197903668 0.8390991676278035 0.2163327197903668 0.8466687224309944 0.20899244665003447 0.8466687224309944
0 0.2494688099667243 0.8362956288118069 0.2559701947481616 0.8362956288118069 0.2559701947481616 0.8463883685493949 0.2494688099667243 0.8463883685493949
0 0.45174138126502617 0.000280353881599667 0.458662210225911 0.000280353881599667 0.458662210225911 0.007289200921591342 0.45174138126502617 0.007289200921591342
0 0.4697774809812714 0.003364246579196004 0.4762788657627087 0.003364246579196004 0.4762788657627087 0.012055216908785683 0.4697774809812714 0.012055216908785683
0 0.49473440965840154 0.007289200921591342 0.501026072350115 0.007289200921591342 0.501026072350115 0.016540879014380352 0.49473440965840154 0.016540879014380352
0 0.5175941174382936 0.001962477171197669 0.5243052243094547 0.001962477171197669 0.5243052243094547 0.010933801382387014 0.5175941174382936 0.010933801382387014
0 0.539405214769567 0.0050463698687940066 0.5480038204482421 0.0050463698687940066 0.5480038204482421 0.012615924671985017 0.539405214769567 0.012615924671985017
0 0.45341915798281657 0.058033253491131066 0.4607594311231489 0.058033253491131066 0.4607594311231489 0.06476174664952308 0.45341915798281657 0.06476174664952308
0 0.47355247859629945 0.05719219184633207 0.4811024738263556 0.05719219184633207 0.4811024738263556 0.06476174664952308 0.47355247859629945 0.06476174664952308
0 0.49788024100425815 0.05046369868794007 0.5048010699651431 0.05046369868794007 0.5048010699651431 0.056351130201533074 0.49788024100425815 0.056351130201533074
0 0.5188524499766364 0.0501833448063404 0.5245149463991785 0.0501833448063404 0.5245149463991785 0.0602760845439284 0.5188524499766364 0.0602760845439284
0 0.5435996565640426 0.04878157539834207 0.5492621529865849 0.04878157539834207 0.5492621529865849 0.05831360737273074 0.5435996565640426 0.05831360737273074
0 0.450063604547236 0.15419463487981686 0.4561455451492257 0.15419463487981686 0.4561455451492257 0.16400702073580517 0.450063604547236 0.16400702073580517
0 0.47250386814768064 0.14970897277422218 0.4777469203907752 0.14970897277422218 0.4777469203907752 0.15783923534061253 0.47250386814768064 0.15783923534061253
0 0.49179830040226863 0.15475534264301619 0.49808996309398207 0.15475534264301619 0.49808996309398207 0.16484808238060425 0.49179830040226863 0.16484808238060425
0 0.5110927326568565 0.15279286547181853 0.5178038395280177 0.15279286547181853 0.5178038395280177 0.16204454356460754 0.5110927326568565 0.16204454356460754
0 0.5331135520778536 0.15167144994541987 0.5394052147695669 0.15167144994541987 0.5394052147695669 0.16176418968300785 0.5331135520778536 0.16176418968300785
0 0.4485955499191695 0.21194753448934825 0.45530665679033056 0.21194753448934825 0.45530665679033056 0.22147956646373693 0.4485955499191695 0.22147956646373693
0 0.46788998217375743 0.21166718060774858 0.4748108111346422 0.21166718060774858 0.4748108111346422 0.22063850481893793 0.46788998217375743 0.22063850481893793
0 0.4850871935311076 0.2046583335677569 0.4926371887611637 0.2046583335677569 0.4926371887611637 0.21222788837094791 0.4850871935311076 0.21222788837094791
0 0.5079469013109997 0.2026958563965592 0.516335784899951 0.2026958563965592 0.516335784899951 0.21026541119975026 0.5079469013109997 0.21026541119975026
0 0.527031611475864 0.20017267146216222 0.533532996257301 0.20017267146216222 0.533532996257301 0.21026541119975026 0.527031611475864 0.21026541119975026
0 0.44817610573972194 0.3184820094972217 0.456774711418397 0.3184820094972217 0.456774711418397 0.3285747492348097 0.44817610573972194 0.3285747492348097
0 0.47648858785243253 0.3184820094972217 0.48257052845442217 0.3184820094972217 0.48257052845442217 0.3302568725244078 0.47648858785243253 0.3302568725244078
0 0.5043816257856956 0.3103517469308314 0.5108830105671329 0.3103517469308314 0.5108830105671329 0.3207248405500191 0.5043816257856956 0.3207248405500191
0 0.5276607777450353 0.3086696236412334 0.5345816067059203 0.3086696236412334 0.5345816067059203 0.31960342502362044 0.5276607777450353 0.31960342502362044
0 0.5555538156782983 0.3109124546940307 0.5631038109083544 0.3109124546940307 0.5631038109083544 0.3240890871292151 0.5555538156782983 0.3240890871292151
0 0.4563552672389494 0.3700671237115605 0.4636955403792818 0.3700671237115605 0.4636955403792818 0.37875809404115013 0.4563552672389494 0.37875809404115013
0 0.4802635854674606 0.36642252325076474 0.4897010795050308 0.36642252325076474 0.4897010795050308 0.37679561686995244 0.4802635854674606 0.37679561686995244
0 0.5052205141445907 0.36165650726357046 0.5127705093746467 0.36165650726357046 0.5127705093746467 0.37062783147475986 0.5052205141445907 0.37062783147475986
0 0.5280802219244828 0.3538065985787798 0.5347913287956438 0.3538065985787798 0.5347913287956438 0.36474039996116675 0.5280802219244828 0.36474039996116675
0 0.55010104134548 0.3566101373947765 0.5570218703063647 0.3566101373947765 0.5570218703063647 0.36558146160596583 0.55010104134548 0.36558146160596583
0 0.45132193708557866 0.46931239779784256 0.4576135997772922 0.46931239779784256 0.4576135997772922 0.4799658452986299 0.45132193708557866 0.4799658452986299
0 0.47732747621132765 0.4723962904954389 0.4859260818900027 0.4723962904954389 0.4859260818900027 0.4805265530618292 0.47732747621132765 0.4805265530618292
0 0.4945246875686778 0.4690320439162428 0.5014455165295626 0.4690320439162428 0.5014455165295626 0.47828372200903185 0.4945246875686778 0.47828372200903185
0 0.5190621720663603 0.4679106283898442 0.5274510556553116 0.4679106283898442 0.5274510556553116 0.4757605370746349 0.5190621720663603 0.4757605370746349
0 0.5431802123845951 0.4679106283898442 0.5515690959735464 0.4679106283898442 0.5515690959735464 0.4754801831930352 0.5431802123845951 0.4754801831930352
0 0.4502733266369598 0.5239814047097776 0.4561455451492257 0.5239814047097776 0.4561455451492257 0.5343544983289653 0.4502733266369598 0.5343544983289653
0 0.4733427565065758 0.5217385736569803 0.4792149750188417 0.5217385736569803 0.4792149750188417 0.5323920211577676 0.4733427565065758 0.5323920211577676
0 0.5027038490679052 0.520336804248982 0.5094149559390663 0.520336804248982 0.5094149559390663 0.5304295439865699 0.5027038490679052 0.5304295439865699
0 0.5219982813224932 0.5220189275385799 0.5295482765525493 0.5220189275385799 0.5295482765525493 0.5315509595129685 0.5219982813224932 0.5315509595129685
0 0.5492621529865849 0.522859989183379 0.55786075866526 0.522859989183379 0.55786075866526 0.5315509595129685 0.5492621529865849 0.5315509595129685
0 0.4561455451492257 0.6271516331384551 0.46201776366149155 0.6271516331384551 0.46201776366149155 0.6383657884024418 0.4561455451492257 0.6383657884024418
0 0.47145525769906177 0.6274319870200548 0.4785858087496703 0.6274319870200548 0.4785858087496703 0.6369640189944434 0.47145525769906177 0.6369640189944434
0 0.49808996309398207 0.6263105714936561 0.5052205141445907 0.6263105714936561 0.5052205141445907 0.634160480178447 0.49808996309398207 0.634160480178447
0 0.5199010604252554 0.6279926947832541 0.5264024452066925 0.6279926947832541 0.5264024452066925 0.6392068500472408 0.5199010604252554 0.6392068500472408
0 0.5391954926798433 0.6268712792568555 0.5473746541790708 0.6268712792568555 0.5473746541790708 0.6347211879416461 0.5391954926798433 0.6347211879416461
0 0.45132193708557866 0.6801385167607922 0.4571941555978446 0.6801385167607922 0.4571941555978446 0.6899509026167805 0.45132193708557866 0.6899509026167805
0 0.47523025531408986 0.6832224094583885 0.48298997263386984 0.6832224094583885 0.48298997263386984 0.6916330259063785 0.47523025531408986 0.6916330259063785
0 0.4976705189145345 0.6863063021559849 0.505849680413762 0.6863063021559849 0.505849680413762 0.6941562108407754 0.4976705189145345 0.6941562108407754
0 0.5257732789375212 0.6773349779447956 0.5308066090908921 0.6773349779447956 0.5308066090908921 0.6877080715639832 0.5257732789375212 0.6877080715639832
0 0.5421316019359763 0.6790171012343936 0.5484232646276898 0.6790171012343936 0.5484232646276898 0.6899509026167805 0.5421316019359763 0.6899509026167805
0 0.454887212610883 0.7852712223606673 0.46222748575121536 0.7852712223606673 0.46222748575121536 0.7967657315062534 0.454887212610883 0.7967657315062534
0 0.47816636457022277 0.7779820214390759 0.4852969156208314 0.7779820214390759 0.4852969156208314 0.7877944072950641 0.47816636457022277 0.7877944072950641
0 0.5020746827987339 0.7816266218998716 0.5100441222082376 0.7816266218998716 0.5100441222082376 0.789756884466262 0.5020746827987339 0.789756884466262
0 0.5297579986422731 0.7821873296630709 0.5352107729750913 0.7821873296630709 0.5352107729750913 0.7919997155190592 0.5297579986422731 0.7919997155190592
0 0.547164932089347 0.7841498068342685 0.5551343714988507 0.7841498068342685 0.5551343714988507 0.7911586538742602 0.547164932089347 0.7911586538742602
0 0.45509693470060675 0.838538459864604 0.46054970903342507 0.838538459864604 0.46054970903342507 0.8475097840757934 0.45509693470060675 0.8475097840757934
0 0.47879553083939413 0.8365759826934064 0.4852969156208314 0.8365759826934064 0.4852969156208314 0.8449865991413963 0.47879553083939413 0.8449865991413963
0 0.5020746827987339 0.8284457201270161 0.5081566234007235 0.8284457201270161 0.5081566234007235 0.8382581059830044 0.5020746827987339 0.8382581059830044
0 0.5324843858086823 0.8273243046006173 0.5379371601415007 0.8273243046006173 0.5379371601415007 0.836856336575006 0.5324843858086823 0.836856336575006
0 0.5559732598577459 0.8329313822326108 0.5626843667289069 0.8329313822326108 0.5626843667289069 0.8396598753910027 0.5559732598577459 0.8396598753910027
