0 0.45462725925920666 0.3090616177143265 0.46186566745810215 0.3090616177143265 0.46186566745810215 0.3180466736355313 0.45462725925920666 0.3180466736355313
0 0.4734988234920412 0.309407196788219 0.48177129000506463 0.309407196788219 0.48177129000506463 0.31735551548774626 0.4734988234920412 0.31735551548774626
0 0.4941799897745998 0.308024880492649 0.5024524562876231 0.308024880492649 0.5024524562876231 0.31770109456163875 0.4941799897745998 0.31770109456163875
0 0.5120174956933065 0.3090616177143265 0.518738874735138 0.3090616177143265 0.518738874735138 0.3208113062266712 0.5120174956933065 0.3208113062266712
0 0.531923118240269 0.30871603864043395 0.5386444972821006 0.30871603864043395 0.5386444972821006 0.31908341085720876 0.531923118240269 0.31908341085720876
0 0.45902200709425034 0.3702291137932977 0.46600190071461384 0.3702291137932977 0.46600190071461384 0.3816332232317499 0.45902200709425034 0.3816332232317499
0 0.4840979212118526 0.36539100675880287 0.49159484398928005 0.36539100675880287 0.49159484398928005 0.3757583789755776 0.4840979212118526 0.3757583789755776
0 0.5081397770153268 0.3636631113893404 0.5143441269000943 0.3636631113893404 0.5143441269000943 0.37368490453222275 0.5081397770153268 0.37368490453222275
0 0.5293379724549492 0.3598617415765229 0.5360593514967809 0.3598617415765229 0.5360593514967809 0.3709202719410828 0.5293379724549492 0.3709202719410828
0 0.5507946824731037 0.36089847879820036 0.5575160615149353 0.36089847879820036 0.5575160615149353 0.3702291137932977 0.5507946824731037 0.3702291137932977
0 0.46057309456544215 0.47044704522212055 0.4683285319214016 0.47044704522212055 0.4683285319214016 0.47977768021721795 0.46057309456544215 0.47977768021721795
0 0.4866830669971723 0.47182936151769056 0.4949555335101957 0.47182936151769056 0.4949555335101957 0.4821967337344654 0.4866830669971723 0.4821967337344654
0 0.5125345248503703 0.47493957318272306 0.5200314476277977 0.47493957318272306 0.5200314476277977 0.4863436826211754 0.5125345248503703 0.4863436826211754
0 0.5440733034312721 0.4714837824437981 0.5520872553657634 0.4714837824437981 0.5520872553657634 0.48150557558668045 0.5440733034312721 0.48150557558668045
0 0.5675981300776825 0.47182936151769056 0.5769046549048338 0.47182936151769056 0.5769046549048338 0.47977768021721795 0.5675981300776825 0.47977768021721795
0 0.4864245524186403 0.528849908709952 0.4949555335101957 0.528849908709952 0.4949555335101957 0.5378349646311569 0.4864245524186403 0.5378349646311569
0 0.5081397770153266 0.5247029598232421 0.5158952143712863 0.5247029598232421 0.5158952143712863 0.5350703320400169 0.5081397770153266 0.5350703320400169
0 0.5326986619758649 0.5212471690843171 0.5404540993318244 0.5212471690843171 0.5404540993318244 0.5295410668577369 0.5326986619758649 0.5295410668577369
0 0.5536383428369553 0.5177913783453922 0.560359721878787 0.5177913783453922 0.560359721878787 0.5295410668577369 0.5536383428369553 0.5295410668577369
0 0.45462725925920666 0.6176637307003227 0.46238269661516607 0.6176637307003227 0.46238269661516607 0.62699436569542 0.45462725925920666 0.62699436569542
0 0.48177129000506463 0.6204283632914627 0.4884926690468962 0.6204283632914627 0.4884926690468962 0.630450156434345 0.48177129000506463 0.630450156434345
0 0.5076227478582628 0.6197372051436777 0.5140856123215624 0.6197372051436777 0.5140856123215624 0.6307957355082375 0.5076227478582628 0.6307957355082375
0 0.5301135161905451 0.6135167818136128 0.5373519243894405 0.6135167818136128 0.5373519243894405 0.624920891252065 0.5301135161905451 0.624920891252065
0 0.5538968574154874 0.6131712027397204 0.561652294771447 0.6131712027397204 0.561652294771447 0.6235385749564951 0.5538968574154874 0.6235385749564951
0 0.4556613175733346 0.6750298569664765 0.4631582403507621 0.6750298569664765 0.4631582403507621 0.6847060710354663 0.4556613175733346 0.6847060710354663
0 0.4815127754265326 0.6764121732620465 0.490043756518088 0.6764121732620465 0.490043756518088 0.6840149128876813 0.4815127754265326 0.6840149128876813
0 0.5071057187011988 0.6809047012226488 0.5130515540074344 0.6809047012226488 0.5130515540074344 0.6919632315872087 0.5071057187011988 0.6919632315872087
0 0.5303720307690771 0.6750298569664765 0.5383859827035684 0.6750298569664765 0.5383859827035684 0.6850516501093589 0.5303720307690771 0.6850516501093589
0 0.5544138865725514 0.6726108034492291 0.5621693239285109 0.6726108034492291 0.5621693239285109 0.6847060710354665 0.5544138865725514 0.6847060710354665
0 0.46677744445020974 0.7818137907992568 0.47349882349204125 0.7818137907992568 0.47349882349204125 0.7921811630160318 0.46677744445020974 0.7921811630160318
0 0.491853358567812 0.7852695815381818 0.5011598833949633 0.7852695815381818 0.5011598833949633 0.7921811630160316 0.491853358567812 0.7921811630160316
0 0.5226165934131177 0.7825049489470417 0.5290794578764172 0.7825049489470417 0.5290794578764172 0.7928723211638167 0.5226165934131177 0.7928723211638167
0 0.5453658763239322 0.7793947372820095 0.5520872553657634 0.7793947372820095 0.5520872553657634 0.7897621094987842 0.5453658763239322 0.7897621094987842
0 0.5663055571850226 0.7825049489470417 0.573285450805386 0.7825049489470417 0.573285450805386 0.793217900237709 0.5663055571850226 0.793217900237709
0 0.45979755082984625 0.8353785472525932 0.46858704649993366 0.8353785472525932 0.46858704649993366 0.8464370776171531 0.45979755082984625 0.8464370776171531
0 0.5158952143712862 0.8350329681787008 0.5257187683555015 0.8350329681787008 0.5257187683555015 0.8447091822476904 0.5158952143712862 0.8447091822476904
0 0.5422637013815483 0.8339962309570232 0.5487265658448478 0.8339962309570232 0.5487265658448478 0.844363603173798 0.5422637013815483 0.844363603173798
0 0.5619108093499788 0.8308860192919909 0.5688907029703424 0.8308860192919909 0.5688907029703424 0.8429812868782282 0.5619108093499788 0.8429812868782282
0 0.5831090047896014 0.8326139146614533 0.5911229567240928 0.8326139146614533 0.5911229567240928 0.8415989705826582 0.5831090047896014 0.8415989705826582
