0 0.14384636395223366 0.019841102261039852 0.14953067776180423 0.019841102261039852 0.14953067776180423 0.0278619733878432 0.14384636395223366 0.0278619733878432
0 0.16437305270901623 0.018996800037165817 0.17242583060590783 0.018996800037165817 0.17242583060590783 0.02933950227962276 0.16437305270901623 0.02933950227962276
0 0.1940578026034402 0.02300723560056749 0.20053160444211765 0.02300723560056749 0.20053160444211765 0.03208348450721338 0.1940578026034402 0.03208348450721338
0 0.21647926263007952 0.019418951149102835 0.22532152855607815 0.019418951149102835 0.22532152855607815 0.026173368940095126 0.21647926263007952 0.026173368940095126
0 0.248690374217646 0.019418951149102835 0.25579576647960917 0.019418951149102835 0.25579576647960917 0.02680659560800065 0.248690374217646 0.02680659560800065
0 0.1451095447988049 0.07155461347332458 0.15205703945494672 0.07155461347332458 0.15205703945494672 0.08274161793965557 0.1451095447988049 0.08274161793965557
0 0.17021526412440813 0.07345429347704115 0.17716275878054988 0.07345429347704115 0.17716275878054988 0.08147516460384448 0.17021526412440813 0.08147516460384448
0 0.1902682600637265 0.07683150237253729 0.19863683317226086 0.07683150237253729 0.19863683317226086 0.08548560016724617 0.1902682600637265 0.08548560016724617
0 0.21726875065918655 0.0742985957009152 0.22453204052697115 0.0742985957009152 0.22453204052697115 0.08189731571578153 0.21726875065918655 0.08189731571578153
0 0.2458482173128607 0.06923278235767098 0.25200622393989547 0.06923278235767098 0.25200622393989547 0.0791533334881909 0.2458482173128607 0.0791533334881909
0 0.13926733338341296 0.16147280031590946 0.14637272564537615 0.16147280031590946 0.14637272564537615 0.16991582255464985 0.13926733338341296 0.16991582255464985
0 0.17053105933605095 0.16126172475994094 0.17668906596308573 0.16126172475994094 0.17668906596308573 0.17181550255836642 0.17053105933605095 0.17181550255836642
0 0.19389990499761878 0.15893989364428732 0.2017947852886889 0.15893989364428732 0.2017947852886889 0.1694936714427128 0.19389990499761878 0.1694936714427128
0 0.2201109075639719 0.1665386136591537 0.22784789024922064 0.1665386136591537 0.22784789024922064 0.1768813159016106 0.2201109075639719 0.1768813159016106
0 0.24679560294778913 0.16379463143156303 0.2540588928155737 0.16379463143156303 0.2540588928155737 0.17561486256579956 0.24679560294778913 0.17561486256579956
0 0.1410042070474484 0.21909642709531238 0.14826749691523297 0.21909642709531238 0.14826749691523297 0.2258508448863047 0.1410042070474484 0.2258508448863047
0 0.163899359891552 0.21719674709159584 0.1725837282117292 0.21719674709159584 0.1725837282117292 0.22690622266614724 0.163899359891552 0.22690622266614724
0 0.20384745416436723 0.22627299599824174 0.21079494882050903 0.22627299599824174 0.21079494882050903 0.2347160182369821 0.20384745416436723 0.2347160182369821
0 0.23290061363550557 0.21909642709531238 0.23921651786836173 0.21909642709531238 0.23921651786836173 0.22817267600195829 0.23290061363550557 0.22817267600195829
0 0.26242746592410815 0.22352901377065107 0.26858547255114285 0.22352901377065107 0.26858547255114285 0.2345049426810136 0.26242746592410815 0.2345049426810136
0 0.1376883573251989 0.31999054284825973 0.14495164719298353 0.31999054284825973 0.14495164719298353 0.33075539620265376 0.1376883573251989 0.33075539620265376
0 0.1604256125634811 0.32167914729600783 0.16800469764290857 0.32167914729600783 0.16800469764290857 0.3311775473145907 0.1604256125634811 0.3311775473145907
0 0.18316286780176327 0.3193573161803542 0.1916893385161191 0.3193573161803542 0.1916893385161191 0.326744960639252 0.18316286780176327 0.326744960639252
0 0.21916352192904343 0.32547850730344097 0.2259531189793638 0.32547850730344097 0.2259531189793638 0.336665511769772 0.21916352192904343 0.336665511769772
0 0.2523220191515383 0.3240009784116614 0.2595853090193228 0.3240009784116614 0.2595853090193228 0.3351879828779924 0.2523220191515383 0.3351879828779924
0 0.13753045971937752 0.3676936184971428 0.14558323761626915 0.3676936184971428 0.14558323761626915 0.3780363207395997 0.13753045971937752 0.3780363207395997
0 0.16200458862169514 0.3712819029486074 0.1683204928545513 0.3712819029486074 0.1683204928545513 0.38246890741493844 0.16200458862169514 0.38246890741493844
0 0.18442604864833453 0.3712819029486074 0.19295251936269037 0.3712819029486074 0.19295251936269037 0.38099137852315884 0.18442604864833453 0.38099137852315884
0 0.20953176797393774 0.3666382407173003 0.2150581841776869 0.3666382407173003 0.2150581841776869 0.3786695474075053 0.20953176797393774 0.3786695474075053
0 0.23084794475982734 0.37212620517248146 0.23732174659850488 0.37212620517248146 0.23732174659850488 0.38141352963509584 0.23084794475982734 0.38141352963509584
0 0.1296355794283073 0.4719649431455862 0.1373725621135561 0.4719649431455862 0.1373725621135561 0.48125226760820056 0.1296355794283073 0.48125226760820056
0 0.1526886298782323 0.47090956536574363 0.15900453411108847 0.47090956536574363 0.15900453411108847 0.4795636631604525 0.1526886298782323 0.4795636631604525
0 0.17447849948158606 0.47133171647768074 0.18095230132026363 0.47133171647768074 0.18095230132026363 0.47998581427238957 0.17447849948158606 0.47998581427238957
0 0.19595257387329704 0.47238709425752323 0.2035316589527244 0.47238709425752323 0.2035316589527244 0.4825187209440117 0.19595257387329704 0.4825187209440117
0 0.2218477812280073 0.47365354759333433 0.23069004715400593 0.47365354759333433 0.23069004715400593 0.48357409872385415 0.2218477812280073 0.48357409872385415
0 0.1332672243621996 0.5247338321377135 0.13989892380669858 0.5247338321377135 0.13989892380669858 0.5342322321562966 0.1332672243621996 0.5342322321562966
0 0.1571097628412316 0.5316993254846744 0.1634256670740878 0.5316993254846744 0.1634256670740878 0.5403534232793832 0.1571097628412316 0.5403534232793832
0 0.18016281329115663 0.5257892099175561 0.18553133188908433 0.5257892099175561 0.18553133188908433 0.536131912160013 0.18016281329115663 0.536131912160013
0 0.20163688768286758 0.5257892099175561 0.20826858712736654 0.5257892099175561 0.20826858712736654 0.5359208366040445 0.20163688768286758 0.5359208366040445
0 0.2278478902492206 0.5274778143653042 0.23605856575193365 0.5274778143653042 0.23605856575193365 0.5378205166077612 0.2278478902492206 0.5378205166077612
0 0.13074086266905713 0.6211953612153222 0.1375304597193775 0.6211953612153222 0.1375304597193775 0.6281608545622829 0.13074086266905713 0.6281608545622829
0 0.15410970833062496 0.618240303431763 0.16137299819840953 0.618240303431763 0.16137299819840953 0.62858300567422 0.15410970833062496 0.62858300567422
0 0.17337321624083624 0.619928907879511 0.1814259941377278 0.619928907879511 0.1814259941377278 0.6300605345659994 0.17337321624083624 0.6300605345659994
0 0.20637381585750966 0.6245725701108182 0.2137950033311157 0.6245725701108182 0.2137950033311157 0.6342820456853697 0.20637381585750966 0.6342820456853697
0 0.2374796442043263 0.6239393434429128 0.2453745244953965 0.6239393434429128 0.2453745244953965 0.6347041967973067 0.2374796442043263 0.6347041967973067
0 0.13500409802623506 0.674597476875355 0.14337267113476945 0.674597476875355 0.14337267113476945 0.6851512546737804 0.13500409802623506 0.6851512546737804
0 0.1523728346665895 0.6579225079538427 0.15884663650526706 0.6579225079538427 0.15884663650526706 0.6680541346403311 0.1523728346665895 0.6680541346403311
0 0.18253127737847769 0.6710091924238902 0.189320874428798 0.6710091924238902 0.189320874428798 0.6783968368827881 0.18253127737847769 0.6783968368827881
0 0.20984756318558057 0.6731199479835754 0.2169529554475438 0.6731199479835754 0.2169529554475438 0.6830404991140954 0.20984756318558057 0.6830404991140954
0 0.23242692081804134 0.6710091924238902 0.23969021068582597 0.6710091924238902 0.23969021068582597 0.6811408191103787 0.23242692081804134 0.6811408191103787
0 0.13168824830398557 0.7725365348447433 0.1380041525368417 0.7725365348447433 0.1380041525368417 0.7826681615312316 0.13168824830398557 0.7826681615312316
0 0.14826749691523297 0.780768481527515 0.1542676059364463 0.780768481527515 0.1542676059364463 0.7898447304341609 0.14826749691523297 0.7898447304341609
0 0.16895208327783692 0.7786577259678299 0.17668906596308576 0.7786577259678299 0.17668906596308576 0.7879450504304444 0.16895208327783692 0.7879450504304444
0 0.19847893556643947 0.7773912726320188 0.20526853261675984 0.7773912726320188 0.20526853261675984 0.7858342948707592 0.19847893556643947 0.7858342948707592
0 0.22026880516979322 0.7792909526357356 0.2265847094026494 0.7792909526357356 0.2265847094026494 0.7900558059901294 0.22026880516979322 0.7900558059901294
0 0.134214609997128 0.8244611216129963 0.14068841183580555 0.8244611216129963 0.14068841183580555 0.8329041438517367 0.134214609997128 0.8329041438517367
0 0.15489919635973196 0.828049406064461 0.16089930538094532 0.828049406064461 0.16089930538094532 0.8392364105307919 0.15489919635973196 0.8392364105307919
0 0.17447849948158606 0.8320598416278628 0.18237337977265627 0.8320598416278628 0.18237337977265627 0.8409250149785402 0.17447849948158606 0.8409250149785402
0 0.19358410978597596 0.8350148994114218 0.20163688768286755 0.8350148994114218 0.20163688768286755 0.8443022238740362 0.19358410978597596 0.8443022238740362
0 0.20637381585750966 0.8396585616427292 0.2139529009369371 0.8396585616427292 0.2139529009369371 0.8478905083255011 0.20637381585750966 0.8478905083255011
0 0.24490083167793228 0.8381810327509495 0.2535851999981095 0.8381810327509495 0.2535851999981095 0.8470462061016267 0.24490083167793228 0.8470462061016267
