0 0.4550413715888708 0.30895973580402175 0.4615372790923634 0.30895973580402175 0.4615372790923634 0.3178987855992881 0.4550413715888708 0.3178987855992881
0 0.4740331176708571 0.30909307339039177 0.4813882277842508 0.30909307339039177 0.4813882277842508 0.3178152038023136 0.4740331176708571 0.3178152038023136
0 0.49479350911995224 0.30988599433693015 0.5026231424664681 0.30988599433693015 0.5026231424664681 0.31765661961300595 0.49479350911995224 0.31765661961300595
0 0.5110459298543868 0.3103617469048531 0.5188755632009027 0.3103617469048531 0.5188755632009027 0.320035382452621 0.5110459298543868 0.320035382452621
0 0.5313317980703598 0.30877590501177643 0.5393986930334368 0.30877590501177643 0.5393986930334368 0.31924246150608265 0.5313317980703598 0.31924246150608265
0 0.4590856358275086 0.37268533330276754 0.46620348432434117 0.37268533330276754 0.46620348432434117 0.3810902953360741 0.4590856358275086 0.3810902953360741
0 0.4841167363747033 0.36650054991976844 0.49182773891293863 0.36650054991976844 0.49182773891293863 0.37569843289961324 0.4841167363747033 0.37569843289961324
0 0.5067752207562872 0.3633288661336149 0.5151980081442057 0.3633288661336149 0.5151980081442057 0.37411259100653654 0.5067752207562872 0.37411259100653654
0 0.5277728738219435 0.35999859815815394 0.535958399593301 0.35999859815815394 0.535958399593301 0.3709409072203832 0.5277728738219435 0.3709409072203832
0 0.5500754657786857 0.3611086874833076 0.5579050991252017 0.3611086874833076 0.5579050991252017 0.37046515465246016 0.5500754657786857 0.37046515465246016
0 0.4605092055268751 0.47037319391629234 0.46845746968167146 0.47037319391629234 0.46845746968167146 0.4798882452747526 0.4605092055268751 0.4798882452747526
0 0.48637072173203366 0.47291054094521506 0.495386663161355 0.47291054094521506 0.495386663161355 0.48131550297852155 0.48637072173203366 0.48131550297852155
0 0.5122322379371923 0.47608222473136846 0.520655025325111 0.47608222473136846 0.520655025325111 0.4868659496042901 0.5122322379371923 0.4868659496042901
0 0.5439066637480975 0.4724347883772921 0.5535157592188215 0.4724347883772921 0.5535157592188215 0.4817912555464446 0.5439066637480975 0.4817912555464446
0 0.5668024097462424 0.471959035809369 0.5771232900666498 0.471959035809369 0.5771232900666498 0.47909532432821417 0.5668024097462424 0.47909532432821417
0 0.48672661415687524 0.530635185853207 0.4947935091199522 0.530635185853207 0.4947935091199522 0.5380886427506675 0.48672661415687524 0.5380886427506675
0 0.5084360520722148 0.5249261550381308 0.5167402086518529 0.5249261550381308 0.5167402086518529 0.53586846410036 0.5084360520722148 0.53586846410036
0 0.5313317980703598 0.5188999558444393 0.5427203556652919 0.5188999558444393 0.5427203556652919 0.5311109384211301 0.5313317980703598 0.5311109384211301
0 0.5522108203277355 0.5173141139513627 0.5614640233736179 0.5173141139513627 0.5614640233736179 0.5312695226104378 0.5522108203277355 0.5312695226104378
0 0.45446512196312505 0.6177629197978625 0.4634810633924464 0.6177629197978625 0.4634810633924464 0.6269608027777074 0.45446512196312505 0.6269608027777074
0 0.48163157705936965 0.6195073458802469 0.4886307947479217 0.6195073458802469 0.4886307947479217 0.6307668233210916 0.48163157705936965 0.6307668233210916
0 0.5057136311403201 0.6179215039871702 0.5148482033779219 0.6179215039871702 0.5148482033779219 0.630608239131784 0.5057136311403201 0.630608239131784
0 0.5293211619881483 0.6117367206041711 0.5376253185677864 0.6117367206041711 0.5376253185677864 0.6244234557487847 0.5293211619881483 0.6244234557487847
0 0.5535218468773793 0.6130053941186324 0.5617073726487367 0.6130053941186324 0.5617073726487367 0.6239477031808617 0.5535218468773793 0.6239477031808617
0 0.4556514300459304 0.6742188911913931 0.4633624325841659 0.6742188911913931 0.4633624325841659 0.6848440318750071 0.4556514300459304 0.6848440318750071
0 0.48139431544280775 0.6754875647058545 0.4910034109135318 0.6754875647058545 0.4910034109135318 0.6845268634963926 0.48139431544280775 0.6845268634963926
0 0.5061881543734421 0.6800865061957769 0.513543264486836 0.6800865061957769 0.513543264486836 0.6930904097190058 0.5061881543734421 0.6930904097190058
0 0.529914316029551 0.67374313862347 0.5396420423085556 0.67374313862347 0.5396420423085556 0.68531978444293 0.529914316029551 0.68531978444293
0 0.5536404776856598 0.6726330492983164 0.5626564191149811 0.6726330492983164 0.5626564191149811 0.6842096951177764 0.5536404776856598 0.6842096951177764
0 0.4657660464528776 0.7824409434354588 0.47396235684316973 0.7824409434354588 0.47396235684316973 0.7915234924594434 0.4657660464528776 0.7915234924594434
0 0.4917569780852514 0.784459287663011 0.5021102122624624 0.784459287663011 0.5021102122624624 0.793686004131821 0.4917569780852514 0.793686004131821
0 0.522277449670155 0.7831617806595846 0.5297188367350254 0.7831617806595846 0.5297188367350254 0.7935418366869957 0.522277449670155 0.7935418366869957
0 0.5449251494328042 0.77883675731483 0.5523665364976748 0.77883675731483 0.5523665364976748 0.7897934831215417 0.5449251494328042 0.7897934831215417
0 0.5650923868404968 0.7833059481044097 0.5749063900709781 0.7833059481044097 0.5749063900709781 0.7939743390214712 0.5650923868404968 0.7939743390214712
0 0.45983450603885045 0.8353503956862905 0.4682465088078344 0.8353503956862905 0.4682465088078344 0.8457304517137016 0.45983450603885045 0.8457304517137016
0 0.5163459092561278 0.83477372590699 0.5252971429718416 0.83477372590699 0.5252971429718416 0.8438562749309747 0.5163459092561278 0.8438562749309747
0 0.5413662251843879 0.8340528886828641 0.5499939203320638 0.8340528886828641 0.5499939203320638 0.8452979493792263 0.5413662251843879 0.8452979493792263
0 0.5618570011601183 0.8308812048967106 0.5692983882249888 0.8308812048967106 0.5692983882249888 0.842414600482723 0.5618570011601183 0.842414600482723
0 0.5839897734901117 0.8334297461150065 0.5913643480115032 0.8334297461150065 0.5913643480115032 0.8402285319878636 0.5839897734901117 0.8402285319878636
