0 0.15455163965624275 0.16064429278195988 0.16396057956284563 0.16064429278195988 0.16396057956284563 0.17050253229760234 0.15455163965624275 0.17050253229760234
0 0.18913585120483717 0.16200404995653128 0.19523894736047148 0.16200404995653128 0.19523894736047148 0.17390192523403078 0.18913585120483717 0.17390192523403078
0 0.21812555794410016 0.16812295724210244 0.22422865409973441 0.16812295724210244 0.22422865409973441 0.1766214395831735 0.21812555794410016 0.1766214395831735
0 0.24380942093239452 0.16098423207560272 0.24914963006857457 0.16098423207560272 0.24914963006857457 0.17118241088488803 0.24380942093239452 0.17118241088488803
0 0.27330771901796036 0.16064429278195988 0.28068229353935176 0.16064429278195988 0.28068229353935176 0.16982265371031663 0.27330771901796036 0.16982265371031663
0 0.15353445696363702 0.21401476188388632 0.16116332715817988 0.21401476188388632 0.16116332715817988 0.22353306210588594 0.15353445696363702 0.22353306210588594
0 0.17464099783520567 0.2153745190584577 0.1848128247612629 0.2153745190584577 0.1848128247612629 0.2282922122168857 0.17464099783520567 0.2282922122168857
0 0.2074451396717401 0.21571445835210057 0.2153283055394344 0.21571445835210057 0.2153283055394344 0.22285318351860026 0.2074451396717401 0.22285318351860026
0 0.23465477669894305 0.2112952475347436 0.24355512525924308 0.2112952475347436 0.24355512525924308 0.22047360846310035 0.23465477669894305 0.22047360846310035
0 0.26389877911135745 0.2112952475347436 0.2755963800763232 0.2112952475347436 0.2755963800763232 0.22251324422495738 0.26389877911135745 0.22251324422495738
0 0.14361692571073126 0.3136169749212396 0.15251727427103132 0.3136169749212396 0.15251727427103132 0.3244950323178105 0.14361692571073126 0.3244950323178105
0 0.17718395456671995 0.3095377033975254 0.18659289447332283 0.3095377033975254 0.18659289447332283 0.3204157607940964 0.17718395456671995 0.3204157607940964
0 0.20134204351610582 0.3030788568183114 0.2127853488079201 0.3030788568183114 0.2127853488079201 0.3159965499767395 0.20134204351610582 0.3159965499767395
0 0.23134893294797446 0.30443861399288275 0.23999498583512305 0.30443861399288275 0.23999498583512305 0.3183761250322394 0.23134893294797446 0.3183761250322394
0 0.2570327959362689 0.3054584318738113 0.26593314449656885 0.3054584318738113 0.26593314449656885 0.31531667138945374 0.2570327959362689 0.31531667138945374
0 0.1395481949403084 0.37072677625323724 0.14666847378854841 0.37072677625323724 0.14666847378854841 0.3826246515307368 0.1395481949403084 0.3826246515307368
0 0.17184374543053996 0.3659676261422375 0.18150698101029425 0.3659676261422375 0.18150698101029425 0.37786550141973696 0.17184374543053996 0.37786550141973696
0 0.19778190409198576 0.36630756543588033 0.20591936563283153 0.36630756543588033 0.20591936563283153 0.37582586565787995 0.19778190409198576 0.37582586565787995
0 0.2247372454460373 0.3595087795630235 0.23389188967948876 0.3595087795630235 0.23389188967948876 0.37208653342780873 0.2247372454460373 0.37208653342780873
0 0.24914963006857452 0.35440969015838086 0.26110152670669173 0.35440969015838086 0.26110152670669173 0.3697069583723088 0.24914963006857452 0.3697069583723088
0 0.15734889206090846 0.4676094749414477 0.16675783196751137 0.4676094749414477 0.16675783196751137 0.47780765375073303 0.15734889206090846 0.47780765375073303
0 0.17870972860562856 0.4696491107033046 0.18913585120483717 0.4696491107033046 0.18913585120483717 0.4808671073935186 0.17870972860562856 0.4808671073935186
0 0.20413929592077154 0.4601308104813051 0.21176816611531443 0.4601308104813051 0.21176816611531443 0.47406832152066175 0.20413929592077154 0.47406832152066175
0 0.22092281034876582 0.45741129613216236 0.23084034160167166 0.45741129613216236 0.23084034160167166 0.47100886787787616 0.22092281034876582 0.47100886787787616
0 0.25067540410748307 0.4485728744974484 0.25932145699463166 0.4485728744974484 0.25932145699463166 0.46081068906859074 0.25067540410748307 0.46081068906859074
0 0.1670121276406628 0.5250592155670882 0.17692965889356857 0.5250592155670882 0.17692965889356857 0.5345775157890879 0.1670121276406628 0.5345775157890879
0 0.18430423341496002 0.5216598226306598 0.1960018343799258 0.5216598226306598 0.1960018343799258 0.5338976372018022 0.18430423341496002 0.5338976372018022
0 0.20922520938380015 0.5199601261624456 0.22117710602191737 0.5199601261624456 0.22117710602191737 0.5270988513289454 0.20922520938380015 0.5270988513289454
0 0.23490907237209452 0.5223397012179455 0.24279223823978882 0.5223397012179455 0.24279223823978882 0.5335576979081594 0.23490907237209452 0.5335576979081594
0 0.2527097694926946 0.5182604296942314 0.26364448343820607 0.5182604296942314 0.26364448343820607 0.529818365678088 0.2527097694926946 0.529818365678088
0 0.14437981273018555 0.623641610723513 0.1530258656173342 0.623641610723513 0.1530258656173342 0.6324800323582267 0.14437981273018555 0.6324800323582267
0 0.1670121276406628 0.6263611250726557 0.1756581805278114 0.6263611250726557 0.1756581805278114 0.6379190610565124 0.1670121276406628 0.6379190610565124
0 0.18455852908811143 0.6185425213188703 0.19600183437992574 0.6185425213188703 0.19600183437992574 0.6321400930645841 0.18455852908811143 0.6321400930645841
0 0.22448294977288585 0.6246614286044415 0.23541766371839737 0.6246614286044415 0.23541766371839737 0.6355394860010125 0.22448294977288585 0.6355394860010125
0 0.2544898392047546 0.6270410036599414 0.261864413726146 0.6270410036599414 0.261864413726146 0.636559303881941 0.2544898392047546 0.636559303881941
0 0.14921143052006272 0.6674937796034397 0.1583660747535142 0.6674937796034397 0.1583660747535142 0.6773520191190824 0.14921143052006272 0.6773520191190824
0 0.1797269112982343 0.6698733546589399 0.18557571178071716 0.6698733546589399 0.18557571178071716 0.6790517155872966 0.1797269112982343 0.6790517155872966
0 0.2089709137106487 0.6698733546589399 0.216854079578343 0.6698733546589399 0.216854079578343 0.6780318977063681 0.2089709137106487 0.6780318977063681
0 0.23109463727482304 0.6722529297144396 0.24126646420088022 0.6722529297144396 0.24126646420088022 0.6827910478173678 0.23109463727482304 0.6827910478173678
0 0.2593214569946317 0.6712331118335111 0.26745891853547754 0.6712331118335111 0.26745891853547754 0.6810913513491536 0.2593214569946317 0.6810913513491536
0 0.15709459638775705 0.775594474981864 0.16599494494805705 0.775594474981864 0.16599494494805705 0.786472532378435 0.15709459638775705 0.786472532378435
0 0.17718395456671995 0.7721950820454356 0.18608430312701996 0.7721950820454356 0.18608430312701996 0.784432896616578 0.17718395456671995 0.784432896616578
0 0.2110052790958601 0.76913562840265 0.21888844496355442 0.76913562840265 0.21888844496355442 0.7796737465055782 0.2110052790958601 0.7796737465055782
0 0.23796062044991165 0.7738947785136497 0.24482660362500025 0.7738947785136497 0.24482660362500025 0.7837530180292922 0.23796062044991165 0.7837530180292922
0 0.2735620146911118 0.7701554462835786 0.2837338416171689 0.7701554462835786 0.2837338416171689 0.7806935643865068 0.2735620146911118 0.7806935643865068
0 0.1550602310025456 0.8276051869092191 0.16319769254339134 0.8276051869092191 0.16319769254339134 0.8381433050121474 0.1550602310025456 0.8381433050121474
0 0.1774382502398714 0.8306646405520047 0.1865928944733229 0.8306646405520047 0.1865928944733229 0.8401829407740045 0.1774382502398714 0.8401829407740045
0 0.20617366130598294 0.8211463403300051 0.21583689688573726 0.8211463403300051 0.21583689688573726 0.8337240941947903 0.20617366130598294 0.8337240941947903
0 0.2331290026600345 0.8180868866872194 0.24380942093239458 0.8180868866872194 0.24380942093239458 0.8272652476155763 0.2331290026600345 0.8272652476155763
0 0.26949328392068894 0.823525915385505 0.2778850411346861 0.823525915385505 0.2778850411346861 0.8333841549011475 0.26949328392068894 0.8333841549011475
0 0.1275962983021912 0.913655419414718 0.1370052382087941 0.913655419414718 0.1370052382087941 0.9248734161049317 0.1275962983021912 0.9248734161049317
0 0.16218050985078564 0.910935905065575 0.16879219735272277 0.910935905065575 0.16879219735272277 0.920114265993932 0.16218050985078564 0.920114265993932
0 0.1797269112982343 0.9102560264782893 0.1873557814927772 0.9102560264782893 0.1873557814927772 0.9231737196367176 0.1797269112982343 0.9231737196367176
0 0.2031221132281658 0.9173947516447892 0.21125957476901153 0.9173947516447892 0.21125957476901153 0.9282728090413602 0.2031221132281658 0.9282728090413602
0 0.23719773343045739 0.9204542052875746 0.24508089929815166 0.9204542052875746 0.24508089929815166 0.9320121412714314 0.23719773343045739 0.9320121412714314
0 0.14565129109594271 0.9646463134611443 0.1542973439830913 0.9646463134611443 0.1542973439830913 0.9748444922704296 0.14565129109594271 0.9748444922704296
0 0.16828360600641992 0.9649862527547871 0.1774382502398714 0.9649862527547871 0.1774382502398714 0.9745045529767868 0.16828360600641992 0.9745045529767868
0 0.19778190409198576 0.9673658278102871 0.20439359159392292 0.9673658278102871 0.20439359159392292 0.9755243708577154 0.19778190409198576 0.9755243708577154
0 0.21405682717367727 0.9677057671039299 0.22448294977288588 0.9677057671039299 0.22448294977288588 0.9772240673259296 0.21405682717367727 0.9772240673259296
0 0.2384692117962145 0.9700853421594299 0.2471152646833631 0.9700853421594299 0.2471152646833631 0.9819832174369294 0.2384692117962145 0.9819832174369294
0 0.26211870939929743 0.9741646136831439 0.2702561709401432 0.9741646136831439 0.2702561709401432 0.9840228531987864 0.26211870939929743 0.9840228531987864
0 0.28271665892456327 0.9806234602623579 0.2900912334459547 0.9806234602623579 0.2900912334459547 0.9894618818970721 0.28271665892456327 0.9894618818970721
