0 0.15535220907576563 0.16070743150189148 0.1628033970944777 0.16070743150189148 0.1628033970944777 0.16990188271987977 0.15535220907576563 0.16990188271987977
0 0.18897808321149184 0.16275064288366667 0.1941365979936771 0.16275064288366667 0.1941365979936771 0.1729666997925425 0.18897808321149184 0.1729666997925425
0 0.21629910594676935 0.16836947418354836 0.22413240617156927 0.16836947418354836 0.22413240617156927 0.17679772113337094 0.21629910594676935 0.17679772113337094
0 0.24304696037291523 0.1622398400382229 0.24935181177336388 0.1622398400382229 0.24935181177336388 0.1709234884107673 0.24304696037291523 0.1709234884107673
0 0.27323382465385126 0.1599412272337258 0.27972973215734387 0.1599412272337258 0.27972973215734387 0.1691356784517141 0.27323382465385126 0.1691356784517141
0 0.15516115297272173 0.21459713169621153 0.16031966775490694 0.21459713169621153 0.16031966775490694 0.22353618149147786 0.15516115297272173 0.22353618149147786
0 0.17694154871972623 0.2166403430779867 0.18286428791408713 0.2166403430779867 0.18286428791408713 0.22583479429597494 0.17694154871972623 0.22583479429597494
0 0.20617313248544275 0.2148525331189334 0.21438854491633036 0.2148525331189334 0.21438854491633036 0.2225145758005903 0.20617313248544275 0.2225145758005903
0 0.2342583796328959 0.21332012458260205 0.24209167985769575 0.21332012458260205 0.24209167985769575 0.21919435730520567 0.2342583796328959 0.21919435730520567
0 0.264254187810788 0.21204311746899257 0.2732338246538512 0.21204311746899257 0.2732338246538512 0.2214929701097027 0.264254187810788 0.2214929701097027
0 0.14407989899617557 0.31471448940319474 0.1513400309118437 0.31471448940319474 0.1513400309118437 0.3236535391984612 0.14407989899617557 0.3236535391984612
0 0.17636838041059452 0.3093510595260349 0.18534801725365777 0.3093510595260349 0.18534801725365777 0.3185455107440232 0.17636838041059452 0.3185455107440232
0 0.20254306652760867 0.30654164387609406 0.20999425454632076 0.30654164387609406 0.20999425454632076 0.3134374822895853 0.20254306652760867 0.3134374822895853
0 0.23177465029332522 0.30679704529881596 0.23941689441508116 0.30679704529881596 0.23941689441508116 0.3172685036304137 0.23177465029332522 0.3172685036304137
0 0.256802999792076 0.3062862424533722 0.2652094683260076 0.3062862424533722 0.2652094683260076 0.31471448940319474 0.256802999792076 0.31471448940319474
0 0.1396856086261659 0.3709028024020119 0.14599046002661456 0.3709028024020119 0.14599046002661456 0.3818850635790534 0.1396856086261659 0.3818850635790534
0 0.17312042665884822 0.36834878817479294 0.1803805585745164 0.36834878817479294 0.1803805585745164 0.3762662322791716 0.17312042665884822 0.3762662322791716
0 0.1964292712302039 0.36707178106118327 0.20617313248544275 0.36707178106118327 0.20617313248544275 0.3765216337018935 0.1964292712302039 0.3765216337018935
0 0.22375029396548146 0.36068674549313606 0.2323478186024569 0.36068674549313606 0.2323478186024569 0.37166900667017755 0.22375029396548146 0.37166900667017755
0 0.2506892044946712 0.35762192842047325 0.2577582803072955 0.35762192842047325 0.2577582803072955 0.36732718248390533 0.2506892044946712 0.36732718248390533
0 0.1578359384153363 0.46897694872721984 0.16547818253709226 0.46897694872721984 0.16547818253709226 0.4768943928315986 0.1578359384153363 0.4768943928315986
0 0.1788521097501652 0.4715309629544388 0.18706752218105285 0.4715309629544388 0.18706752218105285 0.4799592099042613 0.1788521097501652 0.4799592099042613
0 0.20445362755804766 0.46259191315917253 0.2109495350615402 0.46259191315917253 0.2109495350615402 0.4743403786043798 0.20445362755804766 0.4743403786043798
0 0.22183973293504247 0.461314906045563 0.2292909209537545 0.461314906045563 0.2292909209537545 0.4707647586862731 0.22183973293504247 0.4707647586862731
0 0.251071316700759 0.4498218420230778 0.25833144861642715 0.4498218420230778 0.25833144861642715 0.4605487017773973 0.251071316700759 0.4605487017773973
0 0.16815296797970686 0.5264422688396465 0.17522204379233114 0.5264422688396465 0.17522204379233114 0.5338489100985816 0.16815296797970686 0.5338489100985816
0 0.18496590504756993 0.5246544588805933 0.19470976630280878 0.5246544588805933 0.19470976630280878 0.5323165015622501 0.18496590504756993 0.5323165015622501
0 0.2105674228554524 0.520312634694321 0.2172543864619889 0.520312634694321 0.2172543864619889 0.5272084731078122 0.2105674228554524 0.5272084731078122
0 0.23483154794202762 0.52286664892154 0.24190062375465188 0.52286664892154 0.24190062375465188 0.5330827058304158 0.23483154794202762 0.5330827058304158
0 0.2537461021433736 0.5192910290034334 0.2602420096468661 0.5192910290034334 0.2602420096468661 0.5295070859123092 0.2537461021433736 0.5295070859123092
0 0.14390100380132545 0.623743380684629 0.15192536012916918 0.623743380684629 0.15192536012916918 0.6321716276344516 0.14390100380132545 0.6321716276344516
0 0.1683561849909445 0.6280852048709012 0.17485209249443703 0.6280852048709012 0.17485209249443703 0.6383012617797771 0.1683561849909445 0.6383012617797771
0 0.1870796830892466 0.6227217749937414 0.1928113661805636 0.6227217749937414 0.1928113661805636 0.6326824304798954 0.1870796830892466 0.6326824304798954
0 0.22586407200715808 0.6268081977572918 0.23350631612891407 0.6268081977572918 0.23350631612891407 0.6339594375935048 0.22586407200715808 0.6339594375935048
0 0.2545224874637429 0.6273190006027355 0.2612094510702794 0.6273190006027355 0.2612094510702794 0.6367688532434457 0.2545224874637429 0.6367688532434457
0 0.1482952941713351 0.667927826815517 0.15689281880831057 0.667927826815517 0.15689281880831057 0.6766114751880614 0.1482952941713351 0.6766114751880614
0 0.17867321455531504 0.6707372424654579 0.18497806595576366 0.6707372424654579 0.18497806595576366 0.6786546865698367 0.17867321455531504 0.6786546865698367
0 0.2082869105271194 0.6699710381972922 0.2166933790610509 0.6699710381972922 0.2166933790610509 0.680187095106168 0.2082869105271194 0.680187095106168
0 0.23178681120151898 0.6743128623835645 0.23904694311718708 0.6743128623835645 0.23904694311718708 0.6822303064879431 0.23178681120151898 0.6822303064879431
0 0.2592988900398404 0.6720142495790672 0.26732324636768423 0.6720142495790672 0.26732324636768423 0.6812087007970556 0.2592988900398404 0.6812087007970556
0 0.15784809932353006 0.7767288328950447 0.16549034344528601 0.7767288328950447 0.16549034344528601 0.7872002912266426 0.15784809932353006 0.7872002912266426
0 0.17790899014313946 0.7734086143996599 0.1857422903679393 0.7734086143996599 0.1857422903679393 0.7838800727312578 0.17790899014313946 0.7838800727312578
0 0.21019747155755839 0.770854600172441 0.21764865957627044 0.770854600172441 0.21764865957627044 0.7785166428540978 0.21019747155755839 0.7785166428540978
0 0.23809166260196762 0.7746856215132695 0.24344123348719682 0.7746856215132695 0.24344123348719682 0.7846462769994232 0.23809166260196762 0.7846462769994232
0 0.2734370416650889 0.770854600172441 0.28184351019902054 0.770854600172441 0.28184351019902054 0.7792828471222636 0.2734370416650889 0.7792828471222636
0 0.15479120167482768 0.8293415259757552 0.16186027748745194 0.8293415259757552 0.16186027748745194 0.837003568657412 0.15479120167482768 0.837003568657412
0 0.17790899014313946 0.8324063430484181 0.18555123426489542 0.8324063430484181 0.18555123426489542 0.839812984307353 0.17790899014313946 0.839812984307353
0 0.2082869105271194 0.822701088984986 0.21382753751539244 0.822701088984986 0.21382753751539244 0.8324063430484181 0.2082869105271194 0.8324063430484181
0 0.23407948443804572 0.8198916733350452 0.24325017738415292 0.8198916733350452 0.24325017738415292 0.8272983145939802 0.23407948443804572 0.8272983145939802
0 0.27038014401638655 0.8255105046349267 0.27764027593205465 0.8255105046349267 0.27764027593205465 0.8321509416256959 0.27038014401638655 0.8321509416256959
0 0.12899862776390134 0.9162283333472181 0.1362587596795695 0.9162283333472181 0.1362587596795695 0.9246565802970408 0.12899862776390134 0.9246565802970408
0 0.16166922138440804 0.9098432977791707 0.1677830166818128 0.9098432977791707 0.1677830166818128 0.9203147561107684 0.16166922138440804 0.9203147561107684
0 0.18001060727662235 0.9129081148518335 0.18707968308924658 0.9129081148518335 0.18707968308924658 0.9231241717607093 0.18001060727662235 0.9231241717607093
0 0.20217311522971465 0.918526946151715 0.21019747155755839 0.918526946151715 0.21019747155755839 0.9287430030605909 0.20217311522971465 0.9287430030605909
0 0.23694532598370427 0.9213363618016559 0.2442054578993724 0.9213363618016559 0.2442054578993724 0.9315524187105317 0.23694532598370427 0.9315524187105317
0 0.14581156483176444 0.9639883993962127 0.15460014557178375 0.9639883993962127 0.15460014557178375 0.9765030691095854 0.14581156483176444 0.9765030691095854
0 0.16854724109398841 0.9650100050871001 0.1758073730096566 0.9650100050871001 0.1758073730096566 0.9739490548823665 0.16854724109398841 0.9739490548823665
0 0.19873410537492442 0.9683302235824848 0.20312839574493413 0.9683302235824848 0.20312839574493413 0.975226061995976 0.19873410537492442 0.975226061995976
0 0.21516493023669972 0.9683302235824846 0.22299823046149955 0.9683302235824846 0.22299823046149955 0.9770138719550292 0.21516493023669972 0.9770138719550292
0 0.23942905532327494 0.9716504420778695 0.24573390672372356 0.9716504420778695 0.24573390672372356 0.982377301832189 0.23942905532327494 0.982377301832189
0 0.26120945107027943 0.9754814634186979 0.2699980318102988 0.9754814634186979 0.2699980318102988 0.9851867174821299 0.26120945107027943 0.9851867174821299
0 0.2814613979929327 0.9790570833368045 0.29024997873295205 0.9790570833368045 0.29024997873295205 0.9902947459365679 0.2814613979929327 0.9902947459365679
