0 0.14350034753364546 0.024390787699171034 0.1489531218664638 0.024390787699171034 0.1489531218664638 0.03336211191036038 0.14350034753364546 0.03336211191036038
0 0.16426283441629985 0.025231849343970034 0.17055449710801332 0.025231849343970034 0.17055449710801332 0.0322406963839617 0.16426283441629985 0.0322406963839617
0 0.19383364906735312 0.02775503427836703 0.19928642340017147 0.02775503427836703 0.19928642340017147 0.036165650726357045 0.19383364906735312 0.036165650726357045
0 0.21711280102669292 0.023269372172772362 0.22382390789785395 0.023269372172772362 0.22382390789785395 0.029437157567965035 0.21711280102669292 0.029437157567965035
0 0.2482967143232463 0.02465921764193149 0.254133703928052 0.02465921764193149 0.254133703928052 0.030511328981464702 0.2482967143232463 0.030511328981464702
0 0.1444248311286352 0.07732821969773035 0.15039447958809563 0.07732821969773035 0.15039447958809563 0.08619505506065944 0.1444248311286352 0.08619505506065944
0 0.16830342496647682 0.07697354628321319 0.17493636769921062 0.07697354628321319 0.17493636769921062 0.08654972847517663 0.16830342496647682 0.08654972847517663
0 0.19244733651362778 0.080874953842902 0.19894762039170685 0.080874953842902 0.19894762039170685 0.08725907530421091 0.19244733651362778 0.08725907530421091
0 0.21659124806077876 0.07803756652676468 0.2234895085028219 0.07803756652676468 0.2234895085028219 0.08495369810984937 0.21659124806077876 0.08495369810984937
0 0.2459088549394621 0.07413615896707587 0.2506845737070304 0.07413615896707587 0.2506845737070304 0.08193897408645348 0.2459088549394621 0.08193897408645348
0 0.14071038319830428 0.16138581893829823 0.14628205509380068 0.16138581893829823 0.14628205509380068 0.17007531759396874 0.14071038319830428 0.17007531759396874
0 0.17148723747818903 0.16315918601088406 0.17692625051903077 0.16315918601088406 0.17692625051903077 0.17078466442300302 0.17148723747818903 0.17078466442300302
0 0.1957638078799947 0.1604991354020053 0.20133547977549104 0.1604991354020053 0.20133547977549104 0.1691886340576758 0.1957638078799947 0.1691886340576758
0 0.22203026110162047 0.16794727710686572 0.22813256841573556 0.16794727710686572 0.22813256841573556 0.17645943905527767 0.22203026110162047 0.17645943905527767
0 0.24922532630582897 0.1644005429616941 0.2540010450733973 0.1644005429616941 0.2540010450733973 0.17504074539720899 0.24922532630582897 0.17504074539720899
0 0.1411083597622683 0.2197295956263717 0.14920054989620352 0.2197295956263717 0.14920054989620352 0.2252270335513877 0.1411083597622683 0.2252270335513877
0 0.15132309157067833 0.21370014757957992 0.15888464628599486 0.21370014757957992 0.15888464628599486 0.2206162791626646 0.15132309157067833 0.2206162791626646
0 0.2037233391592752 0.22575904367316346 0.21128489387459173 0.22575904367316346 0.21128489387459173 0.23462587903609256 0.2037233391592752 0.23462587903609256
0 0.23423487572985063 0.21813356526104447 0.23967388877069232 0.21813356526104447 0.23967388877069232 0.2287737676965594 0.23423487572985063 0.2287737676965594
0 0.26315450604456997 0.22309899306428477 0.2687261779400663 0.22309899306428477 0.2687261779400663 0.2337391954997997 0.26315450604456997 0.2337391954997997
0 0.13978177121572155 0.3206341820565049 0.14561876082052727 0.3206341820565049 0.14561876082052727 0.3302103642484683 0.13978177121572155 0.3302103642484683
0 0.1628644119256351 0.3225848858363493 0.16883406038509552 0.3225848858363493 0.16883406038509552 0.32950101741943405 0.1628644119256351 0.32950101741943405
0 0.18541641721692997 0.3195701618129534 0.19218201880431843 0.3195701618129534 0.19218201880431843 0.3275503136395896 0.18541641721692997 0.3275503136395896
0 0.2207036725550737 0.3238262427871594 0.22693863872384348 0.3238262427871594 0.22693863872384348 0.3351757920517086 0.2207036725550737 0.3351757920517086
0 0.254133703928052 0.3245355896161937 0.2608993055154405 0.3245355896161937 0.2608993055154405 0.3342891085154157 0.254133703928052 0.3342891085154157
0 0.14017974777968556 0.36922443984535636 0.14614939623914597 0.36922443984535636 0.14614939623914597 0.3777366017937682 0.14017974777968556 0.3777366017937682
0 0.16379302390821784 0.37330318411230373 0.16923203694905956 0.37330318411230373 0.16923203694905956 0.3818153460607156 0.16379302390821784 0.3818153460607156
0 0.18581439378089398 0.36904710313809774 0.19430456047879324 0.36904710313809774 0.19430456047879324 0.37596323472118254 0.18581439378089398 0.37596323472118254
0 0.210356281892009 0.3670963993582534 0.21606061264216006 0.3670963993582534 0.21606061264216006 0.37826861191554406 0.210356281892009 0.37826861191554406
0 0.2329082871833039 0.37117514362520077 0.23821464136949091 0.37117514362520077 0.23821464136949091 0.3811059992316813 0.2329082871833039 0.3811059992316813
0 0.1335468050469518 0.4738530971279198 0.1411083597622683 0.4738530971279198 0.1411083597622683 0.4823652590763317 0.1335468050469518 0.4823652590763317
0 0.15623146919290135 0.4722570667625925 0.1628644119256351 0.4722570667625925 0.1628644119256351 0.48094656541826303 0.15623146919290135 0.48094656541826303
0 0.1777222036469588 0.47314375029888545 0.1840898286703832 0.47314375029888545 0.1840898286703832 0.48023721858922863 0.1777222036469588 0.48023721858922863
0 0.1990802792463616 0.4742077705424369 0.20597853968840474 0.4742077705424369 0.20597853968840474 0.483074605905366 0.1990802792463616 0.483074605905366
0 0.22574470903195143 0.4747397806642127 0.23357158145657725 0.4747397806642127 0.23357158145657725 0.4841386261489175 0.22574470903195143 0.4841386261489175
0 0.13633264099469997 0.5256354156474257 0.1441595134193258 0.5256354156474257 0.1441595134193258 0.5353889345466477 0.13633264099469997 0.5353889345466477
0 0.16060921139650564 0.5321968738159932 0.16697683641993008 0.5321968738159932 0.16697683641993008 0.541595719300698 0.16060921139650564 0.541595719300698
0 0.1836918521064192 0.5265220991837186 0.18899820629260622 0.5265220991837186 0.18899820629260622 0.5368076282047164 0.1836918521064192 0.5368076282047164
0 0.2047846099965126 0.527231446012753 0.210754258455973 0.527231446012753 0.210754258455973 0.536098281375682 0.2047846099965126 0.536098281375682
0 0.23144903978210243 0.5291821497925974 0.23901059449741896 0.5291821497925974 0.23901059449741896 0.5376943117410093 0.23144903978210243 0.5376943117410093
0 0.13314882848298776 0.6208652274452843 0.1405777243436496 0.6208652274452843 0.1405777243436496 0.629022715979179 0.13314882848298776 0.629022715979179
0 0.1575580577394481 0.6178505034218884 0.16246643536167107 0.6178505034218884 0.16246643536167107 0.627781359028369 0.1575580577394481 0.627781359028369
0 0.175997638536448 0.6208652274452843 0.18263058126918175 0.6208652274452843 0.18263058126918175 0.6297320628082134 0.175997638536448 0.6297320628082134
0 0.20902969334546223 0.6245892982977145 0.21566263607819602 0.6245892982977145 0.21566263607819602 0.6336334703679021 0.20902969334546223 0.6336334703679021
0 0.24046984189862036 0.6240572881759388 0.2468374669220448 0.6240572881759388 0.2468374669220448 0.6341654804896779 0.24046984189862036 0.6341654804896779
0 0.13818986495986543 0.6760169434027035 0.14415951341932584 0.6760169434027035 0.14415951341932584 0.6834650851075639 0.13818986495986543 0.6834650851075639
0 0.15490488064635458 0.658815282798621 0.16153782337908837 0.658815282798621 0.16153782337908837 0.6673274447470329 0.15490488064635458 0.6673274447470329
0 0.1847531229436566 0.6696328219413944 0.19191670109500908 0.6696328219413944 0.19191670109500908 0.6784996573043235 0.1847531229436566 0.6784996573043235
0 0.21340743554906655 0.6730022193793075 0.21937708400852693 0.6730022193793075 0.21937708400852693 0.682933074985788 0.21340743554906655 0.682933074985788
0 0.23516348771243337 0.6717608624284973 0.2419290892998218 0.6717608624284973 0.2419290892998218 0.6804503610841677 0.23516348771243337 0.6804503610841677
0 0.1346080758841892 0.7730201222731476 0.1405777243436496 0.7730201222731476 0.1405777243436496 0.7825963044651112 0.1346080758841892 0.7825963044651112
0 0.15119043271602364 0.7797589171489736 0.15769071659410278 0.7797589171489736 0.15769071659410278 0.7895124360481955 0.15119043271602364 0.7895124360481955
0 0.17334446144335447 0.7774535399546121 0.1790487921935055 0.7774535399546121 0.1790487921935055 0.7879164056828685 0.17334446144335447 0.7879164056828685
0 0.20040686779290834 0.7760348462965434 0.20770310479891546 0.7760348462965434 0.20770310479891546 0.7845470082449554 0.20040686779290834 0.7845470082449554
0 0.22335684964816724 0.7785175601981635 0.2290611803983183 0.7785175601981635 0.2290611803983183 0.7898671094627129 0.22335684964816724 0.7898671094627129
0 0.13686327641331866 0.8230290737200677 0.14283292487277907 0.8230290737200677 0.14283292487277907 0.8327825926192897 0.13686327641331866 0.8327825926192897
0 0.15742539888479343 0.8269304812797565 0.16326238848959915 0.8269304812797565 0.16326238848959915 0.8384573672515644 0.15742539888479343 0.8384573672515644
0 0.1774568859376494 0.8326052559120312 0.18528375836227526 0.8326052559120312 0.18528375836227526 0.8428907849330289 0.1774568859376494 0.8428907849330289
0 0.1961617844439585 0.8347332963991329 0.20425397457789377 0.8347332963991329 0.20425397457789377 0.8421814381039924 0.1961617844439585 0.8421814381039924
0 0.20889703449080754 0.838634703958823 0.21645858920612407 0.838634703958823 0.21645858920612407 0.8467921924927178 0.20889703449080754 0.8467921924927178
0 0.24962330286979306 0.8365066634717199 0.2554602924745988 0.8365066634717199 0.2554602924745988 0.8460828456636834 0.24962330286979306 0.8460828456636834
0 0.4515707412445161 0.00017733670725858207 0.4587343193958687 0.00017733670725858207 0.4587343193958687 0.007625478412119027 0.4515707412445161 0.007625478412119027
0 0.4694796866228973 0.003901407559688805 0.47651060591959515 0.003901407559688805 0.47651060591959515 0.011881559386324993 0.4694796866228973 0.011881559386324993
0 0.493756257024703 0.007093468290343281 0.5009198351760554 0.007093468290343281 0.5009198351760554 0.015960303653272383 0.493756257024703 0.015960303653272383
0 0.5180328274265086 0.0024827139016201484 0.5238698170313144 0.0024827139016201484 0.5238698170313144 0.010285529020997757 0.5180328274265086 0.010285529020997757
0 0.5407174915724582 0.006029448046791789 0.5470851165958827 0.006029448046791789 0.5470851165958827 0.012945579629876488 0.5407174915724582 0.012945579629876488
0 0.45369328291899097 0.05834377668807349 0.4613874964889621 0.05834377668807349 0.4613874964889621 0.06543724497841677 0.45369328291899097 0.06543724497841677
0 0.474122746535811 0.05781176656629774 0.48141898354181806 0.05781176656629774 0.48141898354181806 0.0650825715638996 0.474122746535811 0.0650825715638996
0 0.4970727283910698 0.050186288154178714 0.504766941961041 0.050186288154178714 0.504766941961041 0.05692508303000483 0.4970727283910698 0.05692508303000483
0 0.5185634628451273 0.05054096156869588 0.524400452449933 0.05054096156869588 0.524400452449933 0.060117143760659304 0.5185634628451273 0.060117143760659304
0 0.5439013040841704 0.0492996046178858 0.5500036113982856 0.0492996046178858 0.5500036113982856 0.058166439980814916 0.5439013040841704 0.058166439980814916
0 0.4498461761340053 0.15534695555851785 0.45594848344812033 0.15534695555851785 0.45594848344812033 0.16421379092144692 0.4498461761340053 0.16421379092144692
0 0.4723981814253001 0.14825348726817456 0.4778371944661419 0.14825348726817456 0.4778371944661419 0.15836167958191374 0.4723981814253001 0.15836167958191374
0 0.4918990330595376 0.1546376087294835 0.497470704955034 0.1546376087294835 0.497470704955034 0.16456846433596412 0.4918990330595376 0.16456846433596412
0 0.5119305201123935 0.15250956824238054 0.5179001685718538 0.15250956824238054 0.5179001685718538 0.1626177605561197 0.5119305201123935 0.1626177605561197
0 0.5324926425838683 0.15126821129157045 0.5392582441712567 0.15126821129157045 0.5392582441712567 0.16226308714160254 0.5324926425838683 0.16226308714160254
0 0.4487849052967679 0.21209470188126406 0.45528518917484706 0.21209470188126406 0.45528518917484706 0.22096153724419318 0.4487849052967679 0.22096153724419318
0 0.4681530980763505 0.21156269175948833 0.47425540539046557 0.21156269175948833 0.47425540539046557 0.220606863829676 0.4681530980763505 0.220606863829676
0 0.4855314080361131 0.20464656017640362 0.4922970096235015 0.20464656017640362 0.4922970096235015 0.21227203858852262 0.4855314080361131 0.21227203858852262
0 0.5092773430192999 0.2034052032255936 0.5159102857520339 0.2034052032255936 0.5159102857520339 0.2110306816377126 0.5092773430192999 0.2110306816377126
0 0.5279822415256094 0.20145449944574914 0.5338192311304152 0.20145449944574914 0.5338192311304152 0.21014399810141968 0.5279822415256094 0.21014399810141968
0 0.4491828818607321 0.32044743001625775 0.4567444365760486 0.32044743001625775 0.4567444365760486 0.3277182350138596 0.4491828818607321 0.3277182350138596
0 0.4773065590475232 0.31956074647996485 0.4827455720883649 0.31956074647996485 0.4827455720883649 0.3291369286719283 0.4773065590475232 0.3291369286719283
0 0.5050322596703505 0.3110485845315529 0.5103386138565376 0.3110485845315529 0.5103386138565376 0.32062476672351625 0.5050322596703505 0.32062476672351625
0 0.5282475592349187 0.30856587062993274 0.5342172076943791 0.30856587062993274 0.5342172076943791 0.3184967262364133 0.5282475592349187 0.3184967262364133
0 0.5563712364217099 0.3121126047751044 0.5618102494625516 0.3121126047751044 0.5618102494625516 0.32275280721061933 0.5563712364217099 0.32275280721061933
0 0.45661177772139383 0.3702790447559192 0.46417333243671033 0.3702790447559192 0.46417333243671033 0.37950055353336554 0.45661177772139383 0.37950055353336554
0 0.4819496189604369 0.36815100426881625 0.48924585596644393 0.36815100426881625 0.48924585596644393 0.3761311560954525 0.4819496189604369 0.3761311560954525
0 0.5051649185250051 0.36123487268573157 0.512195837821703 0.36123487268573157 0.512195837821703 0.36974703463414343 0.5051649185250051 0.36974703463414343
0 0.528512876944228 0.3552054246389397 0.535145819676962 0.3552054246389397 0.535145819676962 0.36424959670912743 0.528512876944228 0.36424959670912743
0 0.5502689291075948 0.35644678158974985 0.557167189549638 0.35644678158974985 0.557167189549638 0.36495894353816183 0.5502689291075948 0.36495894353816183
0 0.45077478811658805 0.47065162106427666 0.4575403897039765 0.47065162106427666 0.4575403897039765 0.4800504665489815 0.45077478811658805 0.4800504665489815
0 0.4783678298847606 0.4724249881368625 0.4850007726174944 0.4724249881368625 0.4850007726174944 0.479873129841723 0.4783678298847606 0.479873129841723
0 0.494950186716595 0.4702969476497596 0.5015831294493288 0.4702969476497596 0.5015831294493288 0.47774508935462007 0.494950186716595 0.47774508935462007
0 0.5186961216997821 0.46763689704088085 0.526920970688372 0.46763689704088085 0.526920970688372 0.4757943855747756 0.5186961216997821 0.4757943855747756
0 0.543238009810897 0.4679915704553979 0.5513301999448322 0.4679915704553979 0.5513301999448322 0.47543971216025843 0.543238009810897 0.47543971216025843
0 0.4505094704072787 0.5229659497055584 0.4555505068841563 0.5229659497055584 0.4555505068841563 0.5334288154338147 0.4505094704072787 0.5334288154338147
0 0.4739900876811563 0.5222566028765241 0.47995973614061677 0.5222566028765241 0.47995973614061677 0.5321874584830046 0.4739900876811563 0.5321874584830046
0 0.5030423768505303 0.5199512256821626 0.5096753195832641 0.5199512256821626 0.5096753195832641 0.5309461015321945 0.5030423768505303 0.5309461015321945
0 0.523206522758041 0.5217245927547484 0.5294414889268109 0.5217245927547484 0.5294414889268109 0.5309461015321946 0.523206522758041 0.5309461015321946
0 0.5500036113982855 0.5222566028765241 0.557167189549638 0.5222566028765241 0.557167189549638 0.5311234382394532 0.5500036113982855 0.5311234382394532
0 0.4560811423027751 0.627062596866346 0.46231610847154486 0.627062596866346 0.46231610847154486 0.6378801360091195 0.4560811423027751 0.6378801360091195
0 0.47133691058806276 0.6274172702808631 0.47850048873941525 0.6274172702808631 0.47850048873941525 0.6375254625946023 0.47133691058806276 0.6375254625946023
0 0.4983993169376166 0.6272399335736046 0.5055628950889691 0.6272399335736046 0.5055628950889691 0.6343334018639477 0.4983993169376166 0.6343334018639477
0 0.5206860045196021 0.6286586272316732 0.5262576764150985 0.6286586272316732 0.5262576764150985 0.6385894828381539 0.5206860045196021 0.6385894828381539
0 0.5396562207352208 0.6272399335736046 0.5472177754505373 0.6272399335736046 0.5472177754505373 0.635042748692982 0.5396562207352208 0.635042748692982
0 0.4515707412445161 0.6802636090439207 0.4574077308493219 0.6802636090439207 0.4574077308493219 0.69037180135766 0.4515707412445161 0.69037180135766
0 0.4755819939370124 0.6829236596527992 0.48248025437905556 0.6829236596527992 0.48248025437905556 0.6917904950157284 0.4755819939370124 0.6917904950157284
0 0.4976033638096885 0.686825067212488 0.5059608716529331 0.686825067212488 0.5059608716529331 0.6935638620883143 0.4976033638096885 0.6935638620883143
0 0.5251964055778611 0.6772488850205245 0.5311660540373214 0.6772488850205245 0.5311660540373214 0.6873570773342638 0.5251964055778611 0.6873570773342638
0 0.542840033246933 0.6788449153858519 0.5486770228517388 0.6788449153858519 0.5486770228517388 0.6905491380649182 0.542840033246933 0.6905491380649182
0 0.45608114230277513 0.7854242764482597 0.4620507907622356 0.7854242764482597 0.4620507907622356 0.7960644788837745 0.45608114230277513 0.7960644788837745
0 0.4787658064487247 0.7792174916942093 0.48553140803611317 0.7792174916942093 0.48553140803611317 0.7877296536426214 0.4787658064487247 0.7877296536426214
0 0.5029097179958757 0.7809908587667952 0.5100732961472283 0.7809908587667952 0.5100732961472283 0.7895030207152072 0.5029097179958757 0.7895030207152072
0 0.5299721243454295 0.7815228688885708 0.5354111373862712 0.7815228688885708 0.5354111373862712 0.7921630713240858 0.5299721243454295 0.7921630713240858
0 0.5465544811772639 0.7836509093756738 0.5551773067298179 0.7836509093756738 0.5551773067298179 0.7907443776660172 0.5465544811772639 0.7907443776660172
0 0.45475455375622836 0.8372065949677657 0.4607242022156888 0.8372065949677657 0.4607242022156888 0.8478467974032805 0.45475455375622836 0.8478467974032805
0 0.4796944184313074 0.8359652380169557 0.4859293846000772 0.8359652380169557 0.4859293846000772 0.8455414202089191 0.4796944184313074 0.8455414202089191
0 0.5023790825772569 0.8301131266774224 0.5079507544727534 0.8301131266774224 0.5079507544727534 0.8384479519185759 0.5023790825772569 0.8384479519185759
0 0.5328906191478324 0.828162422897578 0.5379316556247101 0.828162422897578 0.5379316556247101 0.8364972481387314 0.5328906191478324 0.8364972481387314
0 0.5554426244391273 0.832418503871784 0.5627388614451343 0.832418503871784 0.5627388614451343 0.8400439822839031 0.5554426244391273 0.8400439822839031
