0 0.4424433240365858 0.15014753239779202 0.4503099996221249 0.15014753239779202 0.4503099996221249 0.15761055272597513 0.4424433240365858 0.15761055272597513
0 0.4810154107785838 0.14845139141411406 0.48812079517842555 0.14845139141411406 0.48812079517842555 0.15557518354556157 0.4810154107785838 0.15557518354556157
0 0.5018240365209774 0.14980830420105642 0.508929420920819 0.14980830420105642 0.508929420920819 0.15794978092271075 0.5018240365209774 0.15794978092271075
0 0.5416649419058043 0.1511652169879988 0.5495316174913434 0.1511652169879988 0.5495316174913434 0.1593066937096532 0.5416649419058043 0.1593066937096532
0 0.44269708776515154 0.20103176190813155 0.44980247216499336 0.20103176190813155 0.44980247216499336 0.2095124668265215 0.44269708776515154 0.2095124668265215
0 0.48025411959288644 0.20035330551466038 0.48786703144985977 0.20035330551466038 0.48786703144985977 0.20917323862978593 0.48025411959288644 0.20917323862978593
0 0.5107057670207796 0.200692533711396 0.5178111514206214 0.200692533711396 0.5178111514206214 0.20985169502325712 0.5107057670207796 0.20985169502325712
0 0.545471397834291 0.20272790289180956 0.5535918371483958 0.20272790289180956 0.5535918371483958 0.21053015141672832 0.545471397834291 0.21053015141672832
0 0.5809983198334997 0.20103176190813155 0.5886112316904728 0.20103176190813155 0.5886112316904728 0.20883401043305028 0.5809983198334997 0.20883401043305028
0 0.5741466991622237 0.1515044451847344 0.5797295011906707 0.1515044451847344 0.5797295011906707 0.15828900911944635 0.5741466991622237 0.15828900911944635
0 0.44193579657945425 0.31060246945372955 0.45081752707925643 0.31060246945372955 0.45081752707925643 0.3184047179786483 0.44193579657945425 0.3184047179786483
0 0.47822400976436036 0.30076485174839723 0.4858369216213336 0.30076485174839723 0.4858369216213336 0.3085671002733159 0.47822400976436036 0.3085671002733159
0 0.5190799700634503 0.31162015404393634 0.5269466456489893 0.31162015404393634 0.5269466456489893 0.3197616307655907 0.5190799700634503 0.3197616307655907
0 0.543187524277199 0.30517481830596 0.5495316174913435 0.30517481830596 0.5495316174913435 0.3170478051917059 0.543187524277199 0.3170478051917059
0 0.56475744120529 0.2946587442071565 0.5705940069623029 0.2946587442071565 0.5705940069623029 0.30517481830596 0.56475744120529 0.30517481830596
0 0.4437121426794148 0.35538059142282835 0.4505637633506907 0.35538059142282835 0.4505637633506907 0.3672535783085743 0.4437121426794148 0.3672535783085743
0 0.4685809880788609 0.35198830945547244 0.47594013620726844 0.35198830945547244 0.47594013620726844 0.36216515535754024 0.4685809880788609 0.36216515535754024
0 0.5015702727924117 0.35130985306200113 0.5086756571922534 0.35130985306200113 0.5086756571922534 0.36080824257059785 0.5015702727924117 0.36080824257059785
0 0.5277079368346868 0.3543629068326216 0.5340520300488311 0.3543629068326216 0.5340520300488311 0.36352206814448274 0.5277079368346868 0.36352206814448274
0 0.5528305459626985 0.3601297861771268 0.560189694091106 0.3601297861771268 0.560189694091106 0.3703066320791947 0.5528305459626985 0.3703066320791947
0 0.44980247216499336 0.46257670159127706 0.45690785656483507 0.46257670159127706 0.45690785656483507 0.4720750910998738 0.44980247216499336 0.4720750910998738
0 0.4751788450215709 0.4615590170010703 0.4825379931499785 0.4615590170010703 0.4825379931499785 0.47173586290313824 0.4751788450215709 0.47173586290313824
0 0.5028390914352405 0.4680043527390466 0.510198239563648 0.4680043527390466 0.510198239563648 0.4764850576574366 0.5028390914352405 0.4764850576574366
0 0.5411574144486728 0.4649512989684263 0.5482627988485145 0.4649512989684263 0.5482627988485145 0.4758066012639654 0.5411574144486728 0.4758066012639654
0 0.5787144462764076 0.4666474399521042 0.5868348855905126 0.4666474399521042 0.5868348855905126 0.4764850576574366 0.5787144462764076 0.4764850576574366
0 0.45132505453638794 0.5216024078232709 0.45969925757905866 0.5216024078232709 0.45969925757905866 0.5294046563481897 0.45132505453638794 0.5294046563481897
0 0.48203046569284685 0.5260123743808337 0.48989714127838596 0.5260123743808337 0.48989714127838596 0.5368676766763729 0.48203046569284685 0.5368676766763729
0 0.5155272778635294 0.5212631796265353 0.5223788985348052 0.5212631796265353 0.5223788985348052 0.5307615691351321 0.5155272778635294 0.5307615691351321
0 0.5528305459626984 0.5158355284787658 0.5612047490053691 0.5158355284787658 0.5612047490053691 0.5232985488069489 0.5528305459626984 0.5232985488069489
0 0.5774456276335788 0.5141393874950878 0.5842972483048549 0.5141393874950878 0.5842972483048549 0.5232985488069489 0.5774456276335788 0.5232985488069489
0 0.4588572233888177 0.6239259675295175 0.4657780523497023 0.6239259675295175 0.4657780523497023 0.6319440885432679 0.4588572233888177 0.6319440885432679
0 0.48792470502453383 0.6267014709573541 0.4953069225828109 0.6267014709573541 0.4953069225828109 0.6359531490501431 0.48792470502453383 0.6359531490501431
0 0.5146852436732884 0.6282434173061522 0.5222981555302616 0.6282434173061522 0.5222981555302616 0.6387286524779798 0.5146852436732884 0.6387286524779798
0 0.5550567459451163 0.6294769743851908 0.5610547977112166 0.6294769743851908 0.5610547977112166 0.6399622095570183 0.5550567459451163 0.6399622095570183
0 0.5873539477625788 0.6288601958456715 0.5951975539182482 0.6288601958456715 0.5951975539182482 0.6378034846687008 0.5873539477625788 0.6378034846687008
0 0.4496294514409713 0.6754269755793763 0.45678097470055223 0.6754269755793763 0.45678097470055223 0.6840618751326458 0.4496294514409713 0.6840618751326458
0 0.4807731817649529 0.6936219424951946 0.4876940107258376 0.6936219424951946 0.4876940107258376 0.7028736205879836 0.4807731817649529 0.7028736205879836
0 0.5116862177902384 0.6828283180536074 0.5181456581537308 0.6828283180536074 0.5181456581537308 0.6936219424951947 0.5116862177902384 0.6936219424951947
0 0.5412150880233467 0.6954722781137526 0.5483666112829277 0.6954722781137526 0.5483666112829277 0.7031820098577433 0.5412150880233467 0.7031820098577433
0 0.5792796473082131 0.6951638888439927 0.5857390876717056 0.6951638888439927 0.5857390876717056 0.7037987883972623 0.5792796473082131 0.7037987883972623
0 0.7879709672892566 0.3271700211442049 0.7936334637117987 0.3271700211442049 0.7936334637117987 0.3338985143025969 0.7879709672892566 0.3338985143025969
0 0.8118792855177677 0.3260486056178062 0.8188001144786526 0.3260486056178062 0.8188001144786526 0.33389851430259687 0.8118792855177677 0.33389851430259687
0 0.8401917676304784 0.3277307289074042 0.8448056536044015 0.3277307289074042 0.8448056536044015 0.33754311476339255 0.8401917676304784 0.33754311476339255
0 0.8741667461657311 0.33305745265779785 0.8817167413957872 0.33305745265779785 0.8817167413957872 0.34174842298738756 0.8741667461657311 0.34174842298738756
0 0.9054153375345745 0.33389851430259687 0.9100292235084976 0.33389851430259687 0.9100292235084976 0.3411877152241883 0.9054153375345745 0.3411877152241883
0 0.7894390219173231 0.3781944275953443 0.7944723520706938 0.3781944275953443 0.7944723520706938 0.38604433628013496 0.7894390219173231 0.38604433628013496
0 0.8204778911964429 0.3809979664113409 0.8267695538881563 0.3809979664113409 0.8267695538881563 0.3899692906225303 0.8204778911964429 0.3899692906225303
0 0.8544528697316955 0.3871657518065337 0.861583420782304 0.3871657518065337 0.861583420782304 0.39473530660972467 0.8544528697316955 0.39473530660972467
0 0.8852820169210913 0.39473530660972467 0.8903153470744621 0.39473530660972467 0.8903153470744621 0.4039869847025137 0.8852820169210913 0.4039869847025137
0 0.8984945085736897 0.38800681345133253 0.9056250596242982 0.38800681345133253 0.9056250596242982 0.39529601437292394 0.8984945085736897 0.39529601437292394
0 0.7705640338421827 0.46874873135203665 0.7755973639955535 0.46874873135203665 0.7755973639955535 0.4782807633264254 0.7705640338421827 0.4782807633264254
0 0.7984570717754457 0.464263069246442 0.8037001240185403 0.464263069246442 0.8037001240185403 0.47463616286562965 0.7984570717754457 0.47463616286562965
0 0.8259306655292612 0.471832624049633 0.8320126061312507 0.471832624049633 0.8320126061312507 0.481925363787221 0.8259306655292612 0.481925363787221
0 0.8594861998850662 0.4740754551024303 0.8674556392945699 0.4740754551024303 0.8674556392945699 0.48164500990562137 0.8594861998850662 0.48164500990562137
0 0.8848625727416439 0.472673685694432 0.8913639575230812 0.472673685694432 0.8913639575230812 0.480243240497623 0.8848625727416439 0.480243240497623
0 0.7707737559319063 0.5279034003695664 0.7776945848927914 0.5279034003695664 0.7776945848927914 0.5343515396463587 0.7707737559319063 0.5343515396463587
0 0.7995056822240646 0.5298658775407641 0.8062167890952255 0.5298658775407641 0.8062167890952255 0.5382764939887541 0.7995056822240646 0.5382764939887541
0 0.8292862189648418 0.5295855236591644 0.83473899329766 0.5295855236591644 0.83473899329766 0.5379961401071545 0.8292862189648418 0.5379961401071545
0 0.8584375894364471 0.5208945533295748 0.8628417533206467 0.5208945533295748 0.8628417533206467 0.5301462314223637 0.8584375894364471 0.5301462314223637
0 0.8901056249847384 0.5242587999087708 0.8966070097661757 0.5242587999087708 0.8966070097661757 0.5318283547119618 0.8901056249847384 0.5318283547119618
0 0.7718223663805255 0.6195791196526574 0.7781140290722389 0.6195791196526574 0.7781140290722389 0.6293915055086458 0.7718223663805255 0.6293915055086458
0 0.8037001240185403 0.6215415968238551 0.8097820646205297 0.6215415968238551 0.8097820646205297 0.6299522132718453 0.8037001240185403 0.6299522132718453
0 0.8385139909126881 0.6237844278766524 0.8437570431557826 0.6237844278766524 0.8437570431557826 0.6316343365614432 0.8385139909126881 0.6316343365614432
0 0.8701820264609791 0.6204201812974565 0.8771028554218641 0.6204201812974565 0.8771028554218641 0.6279897361006475 0.8701820264609791 0.6279897361006475
0 0.9098195014187741 0.6159345191918617 0.9161111641104875 0.6159345191918617 0.9161111641104875 0.6237844278766524 0.9098195014187741 0.6237844278766524
0 0.7709834780216301 0.6739677726829928 0.7755973639955535 0.6739677726829928 0.7755973639955535 0.6829390968941822 0.7709834780216301 0.6829390968941822
0 0.8037001240185403 0.6736874188013932 0.8091528983513586 0.6736874188013932 0.8091528983513586 0.6820980352493832 0.8037001240185403 0.6820980352493832
0 0.8464834303221918 0.6784534347885876 0.8519362046550102 0.6784534347885876 0.8519362046550102 0.685742635710179 0.8464834303221918 0.685742635710179
0 0.8792000763191018 0.6711642338669962 0.8861209052799865 0.6711642338669962 0.8861209052799865 0.6770516653805893 0.8792000763191018 0.6770516653805893
0 0.9146431094824208 0.6666785717614016 0.9196764396357917 0.6666785717614016 0.9196764396357917 0.6756498959725908 0.9146431094824208 0.6756498959725908
