0 0.44256328108280685 0.30203860039963276 0.45235366449913694 0.30203860039963276 0.45235366449913694 0.3113869309748109 0.44256328108280685 0.3113869309748109
0 0.48088563902672726 0.2975514017235472 0.4906760224430574 0.2975514017235472 0.4906760224430574 0.3102651313057896 0.48088563902672726 0.3102651313057896
0 0.5007461310998539 0.30241253362263987 0.5133337669208496 0.30241253362263987 0.5133337669208496 0.3128826638668395 0.5007461310998539 0.3128826638668395
0 0.54186574144844 0.3035343332916613 0.553054751067103 0.3035343332916613 0.553054751067103 0.314378396758868 0.54186574144844 0.314378396758868
0 0.5737544188616294 0.3012907339536185 0.5829853517970263 0.3012907339536185 0.5829853517970263 0.3140044635358608 0.5737544188616294 0.3140044635358608
0 0.44116465488047396 0.35177171905958077 0.45095503829680406 0.35177171905958077 0.45095503829680406 0.3633636489728017 0.44116465488047396 0.3633636489728017
0 0.47920728758392783 0.35177171905958077 0.49011657196212416 0.35177171905958077 0.49011657196212416 0.3652333150878374 0.47920728758392783 0.3652333150878374
0 0.5122148659589835 0.35139778583657366 0.5200471726920475 0.35139778583657366 0.5200471726920475 0.3663551147568587 0.5122148659589835 0.3663551147568587
0 0.5449427190935724 0.3536413851746164 0.5561317287122353 0.3536413851746164 0.5561317287122353 0.3667290479798659 0.5449427190935724 0.3667290479798659
0 0.5810272751137603 0.35401531839762357 0.5908176585300902 0.35401531839762357 0.5908176585300902 0.3659811815338516 0.5810272751137603 0.3659811815338516
0 0.4381639659372869 0.463799733097461 0.4463014274781327 0.463799733097461 0.4463014274781327 0.4763774869622461 0.4381639659372869 0.4763774869622461
0 0.48800591787496717 0.4651594902720323 0.49741485778156996 0.4651594902720323 0.49741485778156996 0.4746777904940319 0.48800591787496717 0.4746777904940319
0 0.5256416775013787 0.4729780940258177 0.5350506174079817 0.4729780940258177 0.5350506174079817 0.48487596930331717 0.5256416775013787 0.48487596930331717
0 0.5681090549176675 0.45632106863731836 0.5767551078048162 0.45632106863731836 0.5767551078048162 0.4665192474466036 0.5681090549176675 0.4665192474466036
0 0.6082877712755933 0.4665192474466036 0.6182053025284993 0.4665192474466036 0.6182053025284993 0.4770573655495317 0.6082877712755933 0.4770573655495317
0 0.4567275500773412 0.5341671668815295 0.46613648998394414 0.5341671668815295 0.46613648998394414 0.5433455278098863 0.4567275500773412 0.5433455278098863
0 0.4844457784508471 0.5124110520883876 0.4933461270111472 0.5124110520883876 0.4933461270111472 0.520229655842173 0.4844457784508471 0.520229655842173
0 0.5164870332679272 0.5164903236121017 0.5238616077893187 0.5164903236121017 0.5238616077893187 0.5280482595959584 0.5164870332679272 0.5280482595959584
0 0.5609887760694274 0.5195497772548873 0.5686176462639702 0.5195497772548873 0.5686176462639702 0.531107713238744 0.5609887760694274 0.531107713238744
0 0.6037104491588676 0.5127509913820303 0.611593615026562 0.5127509913820303 0.611593615026562 0.524308927365887 0.6037104491588676 0.524308927365887
