0 0.4524538093380068 0.3151345964511429 0.45906328165799404 0.3151345964511429 0.45906328165799404 0.3252693892709709 0.4524538093380068 0.3252693892709709
0 0.47228222629796834 0.31591419589882197 0.4788916986179556 0.31591419589882197 0.4788916986179556 0.32371019037561266 0.47228222629796834 0.32371019037561266
0 0.493277020726163 0.31487472996858323 0.49988649304615007 0.31487472996858323 0.49988649304615007 0.32474965630585156 0.493277020726163 0.32474965630585156
0 0.5103838902602474 0.31643392886394134 0.5154381926225904 0.31643392886394134 0.5154381926225904 0.32604898871864996 0.5103838902602474 0.32604898871864996
0 0.5304067034649146 0.31643392886394134 0.5370161757849018 0.31643392886394134 0.5370161757849018 0.3252693892709708 0.5304067034649146 0.3252693892709708
0 0.45809130043446644 0.37828215171314794 0.4643119802650427 0.37828215171314794 0.4643119802650427 0.38763734508529685 0.45809130043446644 0.38763734508529685
0 0.4823908310226547 0.3738644215096331 0.48938909583205287 0.3738644215096331 0.48938909583205287 0.3824400154341029 0.4823908310226547 0.3824400154341029
0 0.5070791541002538 0.37100589020147656 0.5127166451967134 0.37100589020147656 0.5127166451967134 0.3808808165387447 0.5070791541002538 0.3808808165387447
0 0.5274907597943319 0.36788749241076024 0.5335170433802026 0.36788749241076024 0.5335170433802026 0.37672295281778967 0.5274907597943319 0.37672295281778967
0 0.5492631392013485 0.368926958340999 0.5558726115213356 0.368926958340999 0.5558726115213356 0.37698281930034944 0.5492631392013485 0.37698281930034944
0 0.45906328165799404 0.47651168212071127 0.46645033895680316 0.47651168212071127 0.46645033895680316 0.4879458073533377 0.45906328165799404 0.4879458073533377
0 0.4847235859591207 0.4793702134288679 0.4934714169708685 0.4793702134288679 0.4934714169708685 0.48898527328357644 0.4847235859591207 0.48898527328357644
0 0.5101894940155419 0.4832682106672632 0.5183541362931732 0.4832682106672632 0.5183541362931732 0.4934030034870911 0.5101894940155419 0.4934030034870911
0 0.5430424593707723 0.4780708810160693 0.5498463279354651 0.4780708810160693 0.5498463279354651 0.48872540680101667 0.5430424593707723 0.48872540680101667
0 0.5669531974695496 0.4793702134288679 0.5743402547683588 0.4793702134288679 0.5743402547683588 0.4858668754928601 0.5669531974695496 0.4858668754928601
0 0.4839460009802987 0.5357612401443208 0.4938602094602795 0.5357612401443208 0.4938602094602795 0.5456361664815892 0.4839460009802987 0.5456361664815892
0 0.5074679465896649 0.5334224418012836 0.5146606076437686 0.5334224418012836 0.5146606076437686 0.5419980357257534 0.5074679465896649 0.5419980357257534
0 0.532156269667264 0.5274455127024107 0.5381825532531348 0.5274455127024107 0.5381825532531348 0.5375803055222387 0.532156269667264 0.5375803055222387
0 0.5515958941378146 0.5269257797372914 0.5587885551919184 0.5269257797372914 0.5587885551919184 0.5360211066268805 0.5515958941378146 0.5360211066268805
0 0.4536201868062398 0.6256750431099741 0.4615904328391656 0.6256750431099741 0.4615904328391656 0.6339907705518841 0.4536201868062398 0.6339907705518841
0 0.4812244535544216 0.628273707935571 0.4862787559167647 0.628273707935571 0.4862787559167647 0.6381486342728394 0.4812244535544216 0.6381486342728394
0 0.5055239841426098 0.6272342420053323 0.5123278527073026 0.6272342420053323 0.5123278527073026 0.6371091683426005 0.5055239841426098 0.6371091683426005
0 0.529045929751976 0.6222967788366982 0.535655402071963 0.6222967788366982 0.535655402071963 0.6300927733134889 0.529045929751976 0.6300927733134889
0 0.5531510640954587 0.6222967788366982 0.5595661401707404 0.6222967788366982 0.5595661401707404 0.6303526397960486 0.5531510640954587 0.6303526397960486
0 0.45439777178506185 0.683105535755666 0.4610072441050491 0.683105535755666 0.4610072441050491 0.6916811296801357 0.45439777178506185 0.6916811296801357
0 0.4814188497991271 0.6836252687207853 0.48841711460852527 0.6836252687207853 0.48841711460852527 0.6914212631975761 0.4814188497991271 0.6914212631975761
0 0.5055239841426098 0.689602197819658 0.5107726827496585 0.689602197819658 0.5107726827496585 0.6986975247092473 0.5055239841426098 0.6986975247092473
0 0.5302123072202091 0.6825858027905465 0.5362385908060796 0.6825858027905465 0.5362385908060796 0.6914212631975761 0.5302123072202091 0.6914212631975761
0 0.5535398565848697 0.6818062033428675 0.5603437251495625 0.6818062033428675 0.5603437251495625 0.6911613967150162 0.5535398565848697 0.6911613967150162
0 0.46431198026504267 0.7896507936051393 0.4716990375638519 0.7896507936051393 0.4716990375638519 0.7990059869772882 0.46431198026504267 0.7990059869772882
0 0.4921106432579299 0.7919895919481765 0.4993033043120336 0.7919895919481765 0.4993033043120336 0.7992658534598479 0.4921106432579299 0.7992658534598479
0 0.5214644762084613 0.7906902595353781 0.5265187785708044 0.7906902595353781 0.5265187785708044 0.7992658534598479 0.5214644762084613 0.7992658534598479
0 0.545569610551944 0.7886113276749006 0.5519846866272258 0.7886113276749006 0.5519846866272258 0.7971869215993704 0.545569610551944 0.7971869215993704
0 0.5669531974695496 0.7906902595353781 0.5735626697895367 0.7906902595353781 0.5735626697895367 0.798486254012169 0.5669531974695496 0.798486254012169
0 0.4592576779026995 0.8447424879077937 0.46664473520150873 0.8447424879077937 0.46664473520150873 0.8512391499717861 0.4592576779026995 0.8512391499717861
0 0.5152437963778852 0.8437030219775551 0.5237972311449275 0.8437030219775551 0.5237972311449275 0.8501996840415474 0.5152437963778852 0.8501996840415474
0 0.5401265157001898 0.8421438230821969 0.5469303842648826 0.8421438230821969 0.5469303842648826 0.8509792834892266 0.5401265157001898 0.8509792834892266
0 0.5622876875966175 0.8403247577042791 0.5681195749377826 0.8403247577042791 0.5681195749377826 0.8494200845938682 0.5622876875966175 0.8494200845938682
0 0.582116104556579 0.838765558808921 0.5895031618553881 0.838765558808921 0.5895031618553881 0.848900351628749 0.582116104556579 0.848900351628749
