0 0.45413375583775173 0.30766219203157236 0.46200043142329084 0.30766219203157236 0.46200043142329084 0.3178390379336403 0.45413375583775173 0.3178390379336403
0 0.4729122717516191 0.30732296383483676 0.4812864747942898 0.30732296383483676 0.4812864747942898 0.31817826613037586 0.4729122717516191 0.31817826613037586
0 0.49549724359397324 0.30867987662177915 0.5023488642652492 0.30867987662177915 0.5023488642652492 0.3178390379336403 0.49549724359397324 0.3178390379336403
0 0.5112305947650513 0.31071524580219273 0.5188435066220246 0.31071524580219273 0.5188435066220246 0.32021363531078945 0.5112305947650513 0.32021363531078945
0 0.5315316930503133 0.30834064842504355 0.5401596598215498 0.30834064842504355 0.5401596598215498 0.31987440711405385 0.5315316930503133 0.31987440711405385
0 0.4587015029519355 0.3704194084276578 0.46732946972317185 0.3704194084276578 0.46732946972317185 0.3819531671166681 0.4587015029519355 0.3819531671166681
0 0.4833165846228159 0.3660094418700951 0.4919445513940523 0.3660094418700951 0.4919445513940523 0.3765255159688986 0.4833165846228159 0.3765255159688986
0 0.5079316662936962 0.36431330088641706 0.5152908144221038 0.36431330088641706 0.5152908144221038 0.3744901467884849 0.5079316662936962 0.3744901467884849
0 0.5282327645789584 0.3595641061321187 0.5350843852502343 0.3595641061321187 0.5350843852502343 0.3700801802309222 0.5282327645789584 0.3700801802309222
0 0.5498026815070493 0.3609210189190611 0.5584306482782857 0.3609210189190611 0.5584306482782857 0.3700801802309222 0.5498026815070493 0.3700801802309222
0 0.46073161278046176 0.4691348136777166 0.4680907609088693 0.4691348136777166 0.4680907609088693 0.4789724313830489 0.46073161278046176 0.4789724313830489
0 0.486615513094171 0.47252709564507245 0.49575100732253896 0.47252709564507245 0.49575100732253896 0.48100780056346243 0.486615513094171 0.48100780056346243
0 0.5122456496793144 0.4759193776124286 0.5201123252648535 0.4759193776124286 0.5201123252648535 0.4871139081047032 0.5122456496793144 0.4871139081047032
0 0.5457424618499969 0.47150941105486577 0.5518327913355755 0.47150941105486577 0.5518327913355755 0.48304316974387607 0.5457424618499969 0.48304316974387607
0 0.5678199062352194 0.4708309546613945 0.5759403455493243 0.4708309546613945 0.5759403455493243 0.4789724313830489 0.5678199062352194 0.4789724313830489
0 0.48686927682273684 0.5295174326966529 0.4952434798654074 0.5295174326966529 0.4952434798654074 0.5390158222052496 0.48686927682273684 0.5390158222052496
0 0.5084391937508278 0.5251074661390901 0.5157983418792355 0.5251074661390901 0.5157983418792355 0.5349450838444224 0.5084391937508278 0.5349450838444224
0 0.532039220507445 0.5203582713847917 0.5406671872786812 0.5203582713847917 0.5406671872786812 0.5295174326966529 0.532039220507445 0.5295174326966529
0 0.5538629011641018 0.5183229022043782 0.5607145218353777 0.5183229022043782 0.5607145218353777 0.5305351172868596 0.5538629011641018 0.5305351172868596
0 0.45489504702344896 0.6183952202413794 0.46352301379468536 0.6183952202413794 0.46352301379468536 0.6275543815532404 0.45489504702344896 0.6275543815532404
0 0.48280905716568434 0.6200913612250573 0.48839185919413136 0.6200913612250573 0.48839185919413136 0.6319643481108033 0.48280905716568434 0.6319643481108033
0 0.5069166113794331 0.6197521330283218 0.5142757595078405 0.6197521330283218 0.5142757595078405 0.6299289789303898 0.5069166113794331 0.6299289789303898
0 0.5295015832217871 0.6143244818805521 0.5371144950787604 0.6143244818805521 0.5371144950787604 0.6238228713891488 0.5295015832217871 0.6238228713891488
0 0.5540928466291043 0.613714844711353 0.5614519947575118 0.613714844711353 0.5614519947575118 0.6235524624166852 0.5540928466291043 0.6235524624166852
0 0.45639381113128047 0.6757936047139672 0.4634991955311223 0.6757936047139672 0.4634991955311223 0.6856312224192994 0.45639381113128047 0.6856312224192994
0 0.482023947716424 0.6754543765172316 0.4903981507590946 0.6754543765172316 0.4903981507590946 0.6842743096323571 0.482023947716424 0.6842743096323571
0 0.5058777382016069 0.6808820276650012 0.5129831226014485 0.6808820276650012 0.5129831226014485 0.6920765581572759 0.5058777382016069 0.6920765581572759
0 0.530746583601053 0.6747759201237603 0.5386132591865921 0.6747759201237603 0.5386132591865921 0.684274309632357 0.530746583601053 0.684274309632357
0 0.5543466103576702 0.6740974637302891 0.5619595222146433 0.6740974637302891 0.5619595222146433 0.6846135378290927 0.5543466103576702 0.6846135378290927
0 0.46654436027391155 0.7816328020954734 0.4731422172166218 0.7816328020954734 0.4731422172166218 0.7914704198008057 0.46654436027391155 0.7914704198008057
0 0.4926820243161865 0.7836681712758868 0.5008024636302914 0.7836681712758868 0.5008024636302914 0.7935057889812189 0.4926820243161865 0.7935057889812189
0 0.5225094538762814 0.7833728265710314 0.5289224433967608 0.7833728265710314 0.5289224433967608 0.7928724209062267 0.5225094538762814 0.7928724209062267
0 0.5450415792185059 0.7792022729604579 0.5524945129855495 0.7792022729604579 0.5524945129855495 0.7903237492553207 0.5450415792185059 0.7903237492553207
0 0.5658404641497902 0.7831411291482216 0.5731200738757396 0.7831411291482216 0.5731200738757396 0.7944943028658943 0.5658404641497902 0.7944943028658943
0 0.460112799082429 0.8366632338172489 0.4686056770960366 0.8366632338172489 0.4686056770960366 0.8454677358840154 0.460112799082429 0.8454677358840154
0 0.5166164364790843 0.8348096544347718 0.5249359904515979 0.8348096544347718 0.5249359904515979 0.8433824590787286 0.5166164364790843 0.8433824590787286
0 0.5419217464788133 0.8338828647435332 0.5486813840814807 0.8338828647435332 0.5486813840814807 0.8436141565015383 0.5419217464788133 0.8436141565015383
0 0.5622006592868154 0.8306391008241982 0.5693069449716709 0.8306391008241982 0.5693069449716709 0.8424556693874902 0.5622006592868154 0.8424556693874902
0 0.5826528961359115 0.8320292853610564 0.5907991260673312 0.8320292853610564 0.5907991260673312 0.840602090005013 0.5826528961359115 0.840602090005013
