0 0.4420511423475412 0.14845148953382983 0.4515618005234046 0.14845148953382983 0.4515618005234046 0.15929555300103654 0.4420511423475412 0.15929555300103654
0 0.4798140498105285 0.14732968986480843 0.48904498274592545 0.14732968986480843 0.48904498274592545 0.15630408721697953 0.4798140498105285 0.15630408721697953
0 0.5013528933264546 0.14845148953382983 0.5097446505404516 0.14845148953382983 0.5097446505404516 0.15892161977802938 0.5013528933264546 0.15892161977802938
0 0.5391158007894419 0.1510690220948797 0.5505845356485713 0.1510690220948797 0.5505845356485713 0.1604173526700579 0.5391158007894419 0.1604173526700579
0 0.5732422801263637 0.14845148953382983 0.580235411138028 0.14845148953382983 0.580235411138028 0.1585476865550223 0.5732422801263637 0.1585476865550223
0 0.44261059282847426 0.19968034108580637 0.4507226248020049 0.19968034108580637 0.4507226248020049 0.21015047133000592 0.44261059282847426 0.21015047133000592
0 0.4800937750509951 0.20005427430881345 0.48932470798639205 0.20005427430881345 0.48932470798639205 0.2112722709990273 0.4800937750509951 0.2112722709990273
0 0.5111432767427846 0.19968034108580637 0.5175769572735158 0.19968034108580637 0.5175769572735158 0.2105244045530131 0.5111432767427846 0.2105244045530131
0 0.5461089318011062 0.20192394042384915 0.5556195899769696 0.20192394042384915 0.5556195899769696 0.21127227099902735 0.5461089318011062 0.21127227099902735
0 0.5805151363784946 0.20155000720084199 0.5889068935924917 0.20155000720084199 0.5889068935924917 0.2086547384379774 0.5805151363784946 0.2086547384379774
0 0.44177141710707457 0.30774704253486634 0.4498834490806052 0.30774704253486634 0.4498834490806052 0.31971290567109445 0.44177141710707457 0.31971290567109445
0 0.4784154236081955 0.30101624452073805 0.4870869060626593 0.30101624452073805 0.4870869060626593 0.309616708649902 0.4784154236081955 0.309616708649902
0 0.5178566825139823 0.31036457509591625 0.5270876154493792 0.31036457509591625 0.5270876154493792 0.3208347053401157 0.5178566825139823 0.3208347053401157
0 0.5424725036750406 0.3055034431968236 0.5497453599271716 0.3055034431968236 0.5497453599271716 0.31709537311004454 0.5424725036750406 0.31709537311004454
0 0.5648505229123665 0.2939115132836026 0.5707247529621644 0.2939115132836026 0.5707247529621644 0.30512950997381644 0.5648505229123665 0.30512950997381644
0 0.44317004330940746 0.3567322947488002 0.4504428995615384 0.3567322947488002 0.4504428995615384 0.3664545585469855 0.44317004330940746 0.3664545585469855
0 0.4680655897109325 0.35187116284970743 0.4767370721653962 0.35187116284970743 0.4767370721653962 0.36047162697887136 0.4680655897109325 0.36047162697887136
0 0.5019123438073876 0.35187116284970743 0.5086257495785853 0.35187116284970743 0.5086257495785853 0.36159342664789274 0.5019123438073876 0.36159342664789274
0 0.5270876154493792 0.35486262863376455 0.5346401969419765 0.35486262863376455 0.5346401969419765 0.36383702598593554 0.5270876154493792 0.36383702598593554
0 0.5517034366104375 0.35972376053285715 0.5603749190649013 0.35972376053285715 0.5603749190649013 0.36944602433104246 0.5517034366104375 0.36944602433104246
0 0.4498834490806052 0.46292933008282444 0.4582752062946023 0.46292933008282444 0.4582752062946023 0.4733994603270241 0.4498834490806052 0.4733994603270241
0 0.4758978964439964 0.46218146363681023 0.4826113022151942 0.46218146363681023 0.4826113022151942 0.47152979421198843 0.4758978964439964 0.47152979421198843
0 0.5021920690478542 0.4670425955359029 0.5097446505404517 0.4670425955359029 0.5097446505404517 0.4763909261110811 0.5021920690478542 0.4763909261110811
0 0.5419130531941075 0.4670425955359029 0.549465634686705 0.4670425955359029 0.549465634686705 0.47751272578010245 0.5419130531941075 0.47751272578010245
0 0.5782773344547619 0.4647989961978601 0.5877879926306255 0.4647989961978601 0.5877879926306255 0.4782605922261167 0.5782773344547619 0.4782605922261167
0 0.45212125100433775 0.5216368460949435 0.460513008218335 0.5216368460949435 0.460513008218335 0.5313591098931288 0.45212125100433775 0.5313591098931288
0 0.4831707526961273 0.5261240447710291 0.4898841584673251 0.5261240447710291 0.4898841584673251 0.5369681082382358 0.4831707526961273 0.5369681082382358
0 0.5144999796283835 0.5220107793179507 0.5223322863614475 0.5220107793179507 0.5223322863614475 0.5306112434471147 0.5144999796283835 0.5306112434471147
0 0.5519831618509041 0.5145321148578081 0.561214094786301 0.5145321148578081 0.561214094786301 0.5231325789869722 0.5519831618509041 0.5231325789869722
0 0.5760395325310294 0.5134103151887868 0.5847110149854932 0.5134103151887868 0.5847110149854932 0.5238804454329864 0.5760395325310294 0.5238804454329864
0 0.45771575581366925 0.6233466827528823 0.46638723826813294 0.6233466827528823 0.46638723826813294 0.6330689465510677 0.45771575581366925 0.6330689465510677
0 0.4870869060626593 0.6263381485369395 0.49687728947898935 0.6263381485369395 0.49687728947898935 0.6360604123351248 0.4870869060626593 0.6360604123351248
0 0.5131013534260506 0.6270860149829537 0.5226120116019141 0.6270860149829537 0.5226120116019141 0.6383040116731675 0.5131013534260506 0.6383040116731675
0 0.5545006890151033 0.6304514139900178 0.561214094786301 0.6304514139900178 0.561214094786301 0.6405476110112104 0.5545006890151033 0.6405476110112104
0 0.5875082673901589 0.6263381485369395 0.5964594750850892 0.6263381485369395 0.5964594750850892 0.6379300784501605 0.5875082673901589 0.6379300784501605
0 0.4496037238401386 0.6753234007508732 0.456596854851803 0.6753234007508732 0.456596854851803 0.6835499316570302 0.4496037238401386 0.6835499316570302
0 0.482051851734261 0.6928982622322083 0.48736663130312596 0.6928982622322083 0.48736663130312596 0.7029944592534006 0.482051851734261 0.7029944592534006
0 0.5114230019832511 0.6820541987650014 0.518695858235382 0.6820541987650014 0.518695858235382 0.692524329009201 0.5114230019832511 0.692524329009201
0 0.5407941522322413 0.6958897280162653 0.5489061842057718 0.6958897280162653 0.5489061842057718 0.7037423256994149 0.5407941522322413 0.7037423256994149
0 0.5788367849356951 0.6932721954552153 0.5861096411878259 0.6932721954552153 0.5861096411878259 0.7048641253684363 0.5788367849356951 0.7048641253684363
0 0.7879682677263379 0.3260697704622156 0.7932830472952029 0.3260697704622156 0.7932830472952029 0.3335484349223581 0.7879682677263379 0.3335484349223581
0 0.8111854626850635 0.3245740375701871 0.8204163956204604 0.3245740375701871 0.8204163956204604 0.33429630136837246 0.8111854626850635 0.33429630136837246
0 0.8385985362507875 0.32756550335424417 0.8461511177433849 0.32756550335424417 0.8461511177433849 0.34027923293648654 0.8385985362507875 0.34027923293648654
0 0.874403367030509 0.33317450169935103 0.8825153990040396 0.33317450169935103 0.8825153990040396 0.3428967654975364 0.874403367030509 0.3428967654975364
0 0.7879682677263379 0.37655075556817785 0.7952411239784689 0.37655075556817785 0.7952411239784689 0.38739481903538453 0.7879682677263379 0.38739481903538453
0 0.8195772198990606 0.3806640210212563 0.8282487023535245 0.3806640210212563 0.8282487023535245 0.39001235159643444 0.8195772198990606 0.39001235159643444
0 0.8542631497169156 0.38552515292034895 0.8629346321713794 0.38552515292034895 0.8629346321713794 0.39449955027252004 0.8542631497169156 0.39449955027252004
0 0.8836342999659057 0.39449955027252004 0.8931449581417692 0.39449955027252004 0.8931449581417692 0.4057175469627339 0.8836342999659057 0.4057175469627339
0 0.8981800124701675 0.38702088581237754 0.905732593962765 0.38702088581237754 0.905732593962765 0.3959952831645486 0.8981800124701675 0.3959952831645486
0 0.7700658523364773 0.4662947290898886 0.7762198076267419 0.4662947290898886 0.7762198076267419 0.47788665900310967 0.7700658523364773 0.47788665900310967
0 0.7983181016236013 0.4655468626438744 0.8044720569138659 0.4655468626438744 0.8044720569138659 0.4745212599960455 0.7983181016236013 0.4745212599960455
0 0.8260109004297918 0.47265159388100986 0.8332837566819228 0.47265159388100986 0.8332837566819228 0.481999924456188 0.8260109004297918 0.481999924456188
0 0.8581793030834477 0.473399460327024 0.8676899612593111 0.473399460327024 0.8676899612593111 0.4812520580101738 0.8581793030834477 0.4812520580101738
0 0.8822356737635729 0.47078192776597416 0.8925855076608361 0.47078192776597416 0.8925855076608361 0.4805041915641594 0.8822356737635729 0.4805041915641594
0 0.7711847532983437 0.5253761783250148 0.7778981590695415 0.5253761783250148 0.7778981590695415 0.5373420414612429 0.7711847532983437 0.5373420414612429
0 0.7991572773450009 0.5291155105550862 0.807549034558998 0.5291155105550862 0.807549034558998 0.5380899079072572 0.7991572773450009 0.5380899079072572
0 0.8570604021215814 0.5216368460949435 0.8646129836141788 0.5216368460949435 0.8646129836141788 0.5302373102241075 0.8570604021215814 0.5302373102241075
0 0.8897882552561704 0.5235065122099792 0.8981800124701675 0.5235065122099792 0.8981800124701675 0.5324809095621503 0.8897882552561704 0.5324809095621503
0 0.8285284275939911 0.5291155105550862 0.8352418333651889 0.5291155105550862 0.8352418333651889 0.5399595740222928 0.8285284275939911 0.5399595740222928
0 0.7717442037792769 0.6184349173039287 0.7790170600314077 0.6184349173039287 0.7790170600314077 0.6292789807711355 0.7717442037792769 0.6292789807711355
0 0.8039126064329326 0.6221742495340001 0.8103462869636637 0.6221742495340001 0.8103462869636637 0.6304007804401569 0.8039126064329326 0.6304007804401569
0 0.8693683127021107 0.6203045834189644 0.8783195203970409 0.6203045834189644 0.8783195203970409 0.6296529139941426 0.8693683127021107 0.6296529139941426
0 0.7689469513746111 0.6730291678629694 0.7770589833481417 0.6730291678629694 0.7770589833481417 0.6849950309991976 0.7689469513746111 0.6849950309991976
0 0.8025139802305997 0.6730291678629694 0.809507111242264 0.6730291678629694 0.809507111242264 0.6820035652151405 0.8025139802305997 0.6820035652151405
0 0.8464308429838517 0.6767685000930408 0.853423973995516 0.6767685000930408 0.853423973995516 0.6861168306682192 0.8464308429838517 0.6861168306682192
0 0.8791586961184408 0.6685419691868841 0.8867112776110382 0.6685419691868841 0.8867112776110382 0.6778902997620624 0.8791586961184408 0.6778902997620624
0 0.9135649006958292 0.665550503402827 0.920278306467027 0.665550503402827 0.920278306467027 0.6760206336470266 0.9135649006958292 0.6760206336470266
0 0.9090892968483639 0.6150695182968647 0.9180405045432942 0.6150695182968647 0.9180405045432942 0.6244178488720429 0.9090892968483639 0.6244178488720429
0 0.8380390857698545 0.6232960492030214 0.8447524915410523 0.6232960492030214 0.8447524915410523 0.6318965133321854 0.8380390857698545 0.6318965133321854
