0 0.44252365197620674 0.30175385342197025 0.4505446354290007 0.30175385342197025 0.4505446354290007 0.31109267520571793 0.44252365197620674 0.31109267520571793
0 0.47952367241973975 0.29933267740396163 0.4893558456844549 0.29933267740396163 0.4893558456844549 0.3090173814759962 0.47952367241973975 0.3090173814759962
0 0.5025516571713093 0.3003703242688225 0.5095376750172912 0.3003703242688225 0.5095376750172912 0.31143855749400484 0.5025516571713093 0.31143855749400484
0 0.5430268020833201 0.30360436264427776 0.5500250668927184 0.30360436264427776 0.5500250668927184 0.31295955601642655 0.5430268020833201 0.31295955601642655
0 0.5751021824597286 0.30334449616171805 0.5809340698008938 0.30334449616171805 0.5809340698008938 0.3121799565687475 0.5751021824597286 0.3121799565687475
0 0.44232954732586827 0.35453819322597724 0.4495222083799719 0.35453819322597724 0.4495222083799719 0.36259405418532764 0.44232954732586827 0.36259405418532764
0 0.4810144000222639 0.3540184602608579 0.48859585356577867 0.3540184602608579 0.48859585356577867 0.3638933865981261 0.4810144000222639 0.3638933865981261
0 0.5103682329727952 0.354798059708537 0.518727271495132 0.354798059708537 0.518727271495132 0.36467298604580517 0.5103682329727952 0.36467298604580517
0 0.5469147269774303 0.35713685805157414 0.5537185955421231 0.35713685805157414 0.5537185955421231 0.3667519179062828 0.5469147269774303 0.3667519179062828
0 0.5817116547797158 0.3555776591562161 0.5896819008126415 0.3555776591562161 0.5896819008126415 0.36493285252836494 0.5817116547797158 0.36493285252836494
0 0.4378584336976416 0.4668005136917639 0.44505109475174526 0.4668005136917639 0.44505109475174526 0.4758958405813532 0.4378584336976416 0.4758958405813532
0 0.488012664831662 0.46524131479640574 0.4961773071092932 0.46524131479640574 0.4961773071092932 0.47381690872087556 0.488012664831662 0.47381690872087556
0 0.5257255363045301 0.4745965081685546 0.5340845748268669 0.4745965081685546 0.5340845748268669 0.4834319685755841 0.5257255363045301 0.4834319685755841
0 0.5684927101397413 0.4571854538370554 0.5754909749491396 0.4571854538370554 0.5754909749491396 0.467580113139443 0.5684927101397413 0.467580113139443
0 0.609510317772603 0.46783997962200263 0.6174805638055287 0.46783997962200263 0.6174805638055287 0.4758958405813531 0.609510317772603 0.4758958405813531
0 0.45671486943407563 0.5354052650875224 0.4656570966905289 0.5354052650875224 0.4656570966905289 0.5432012595643133 0.45671486943407563 0.5432012595643133
0 0.48431913618225747 0.5109778157269115 0.4928725709492996 0.5109778157269115 0.4928725709492996 0.5203330090990604 0.48431913618225747 0.5203330090990604
0 0.5173664977821933 0.5174744777909037 0.5231983851233585 0.5174744777909037 0.5231983851233585 0.5278691370932914 0.5173664977821933 0.5278691370932914
0 0.5609112565962266 0.5221520744769781 0.5684927101397413 0.5221520744769781 0.5684927101397413 0.530727668401448 0.5609112565962266 0.530727668401448
0 0.6034840341867324 0.5138363470350681 0.6114542802196581 0.5138363470350681 0.6114542802196581 0.5234514068897768 0.6034840341867324 0.5234514068897768
