0 0.12398066025531569 0.16965818082022036 0.13663934628738994 0.16965818082022036 0.13663934628738994 0.17762146273738016 0.12398066025531569 0.17762146273738016
0 0.16642448989227054 0.1766260524977352 0.17387077579349075 0.1766260524977352 0.17387077579349075 0.18807327025365245 0.16642448989227054 0.18807327025365245
0 0.20440054798849341 0.17363982177880027 0.21072989100453055 0.17363982177880027 0.21072989100453055 0.18309621905542756 0.20440054798849341 0.18309621905542756
0 0.2535460349365465 0.17065359105986533 0.2606200065427056 0.17065359105986533 0.2606200065427056 0.1811053985761376 0.2535460349365465 0.1811053985761376
0 0.29971300752411145 0.17513293713826777 0.30715929342533166 0.17513293713826777 0.30715929342533166 0.18359392417525006 0.29971300752411145 0.18359392417525006
0 0.1243529745503767 0.226396564479984 0.13105463186147484 0.226396564479984 0.13105463186147484 0.23435984639714375 0.1243529745503767 0.23435984639714375
0 0.14967034661452525 0.22540115424033896 0.15935051828611144 0.22540115424033896 0.15935051828611144 0.23535525663678872 0.14967034661452525 0.23535525663678872
0 0.20067740503788334 0.22490344912051652 0.2081236909391035 0.22490344912051652 0.2081236909391035 0.23435984639714375 0.20067740503788334 0.23435984639714375
0 0.24721669192050935 0.224405744000694 0.2557799207069125 0.224405744000694 0.2557799207069125 0.23336443615749877 0.24721669192050935 0.23336443615749877
0 0.28630969290191516 0.2209218081619366 0.2956175502784404 0.2209218081619366 0.2956175502784404 0.23286673103767633 0.28630969290191516 0.23286673103767633
0 0.13812860346763398 0.3085179092506944 0.14594720366391517 0.3085179092506944 0.14594720366391517 0.31697889628767667 0.13812860346763398 0.31697889628767667
0 0.1686583756626366 0.3085179092506944 0.17759391874410085 0.3085179092506944 0.17759391874410085 0.3179743065273216 0.1686583756626366 0.3179743065273216
0 0.21035757670946953 0.3095133194903393 0.2174315483156287 0.3095133194903393 0.2174315483156287 0.31847201164714406 0.21035757670946953 0.31847201164714406
0 0.2550352921167905 0.3085179092506944 0.2639708351982547 0.3085179092506944 0.2639708351982547 0.3179743065273216 0.2550352921167905 0.3179743065273216
0 0.3004576361142335 0.31498807580838667 0.30864855060557567 0.31498807580838667 0.30864855060557567 0.3269329986841264 0.3004576361142335 0.3269329986841264
0 0.30864855060557567 0.35380907515454074 0.31646715080185683 0.35380907515454074 0.31646715080185683 0.3622700621915229 0.30864855060557567 0.3622700621915229
0 0.2505675205760584 0.3597815365924105 0.2576414921822176 0.3597815365924105 0.2576414921822176 0.36874022874921536 0.2505675205760584 0.36874022874921536
0 0.20104971933294435 0.3577907161131206 0.20775137664404245 0.3577907161131206 0.20775137664404245 0.36774481850957047 0.20104971933294435 0.36774481850957047
0 0.1757323472687958 0.36326547243116797 0.18392326176013798 0.36326547243116797 0.18392326176013798 0.3707310492285052 0.1757323472687958 0.3707310492285052
0 0.14520257507379314 0.3627677673113455 0.15264886097501326 0.3627677673113455 0.15264886097501326 0.37272186970779525 0.14520257507379314 0.37272186970779525
0 0.14147943212318306 0.47723994487051763 0.15004266090958623 0.47723994487051763 0.15004266090958623 0.4881894575066124 0.14147943212318306 0.4881894575066124
0 0.17461540438361278 0.4822169960687425 0.18280631887495494 0.4822169960687425 0.18280631887495494 0.4921710984651922 0.17461540438361278 0.4921710984651922
0 0.20104971933294435 0.4822169960687425 0.20998526241440849 0.4822169960687425 0.20998526241440849 0.49117568822554725 0.20104971933294435 0.49117568822554725
0 0.2271117199872149 0.47524912439122763 0.23344106300325204 0.47524912439122763 0.23344106300325204 0.4861986370273223 0.2271117199872149 0.4861986370273223
0 0.13477777481208492 0.5260150466131214 0.1422240607133051 0.5260150466131214 0.1422240607133051 0.5334806234104587 0.13477777481208492 0.5334806234104587
0 0.15748894681080639 0.5275081619725888 0.16679680418733162 0.5275081619725888 0.16679680418733162 0.5344760336501037 0.15748894681080639 0.5344760336501037
0 0.18280631887495497 0.5250196363734765 0.19136954766135814 0.5250196363734765 0.19136954766135814 0.5334806234104587 0.18280631887495497 0.5334806234104587
0 0.21035757670946953 0.5260150466131214 0.2185484912008117 0.5260150466131214 0.2185484912008117 0.5334806234104587 0.21035757670946953 0.5334806234104587
0 0.2755125783451459 0.47972847046963013 0.2829588642463661 0.47972847046963013 0.2829588642463661 0.48669634214714486 0.2755125783451459 0.48669634214714486
0 0.3004576361142335 0.48570093190749997 0.3067869791302706 0.48570093190749997 0.3067869791302706 0.49416191894448214 0.3004576361142335 0.49416191894448214
0 0.44489537229551623 0.14428361333566153 0.45160877806671396 0.14428361333566153 0.45160877806671396 0.15475374357986113 0.44489537229551623 0.15475374357986113
0 0.5145469571716929 0.15101441134978982 0.5218198134238238 0.15101441134978982 0.5218198134238238 0.1581191425869253 0.5145469571716929 0.1581191425869253
0 0.563498874253343 0.14727507911971857 0.5710514557459403 0.14727507911971857 0.5710514557459403 0.157371276140911 0.563498874253343 0.157371276140911
0 0.6166466699419918 0.1491447452347542 0.625038427155989 0.1491447452347542 0.625038427155989 0.15662340969489677 0.6166466699419918 0.15662340969489677
0 0.4384616917647851 0.18915560009651688 0.44405619657411655 0.18915560009651688 0.44405619657411655 0.19962573034071648 0.4384616917647851 0.19962573034071648
0 0.47734350018963867 0.20149539645575212 0.4823785545180371 0.20149539645575212 0.4823785545180371 0.21121766025393743 0.47734350018963867 0.21121766025393743
0 0.5223792639047569 0.20486079546281627 0.5313304715996872 0.20486079546281627 0.5313304715996872 0.21383519281498736 0.5223792639047569 0.21383519281498736
0 0.5590232704058778 0.1958863981106452 0.5676947528603414 0.1958863981106452 0.5676947528603414 0.20486079546281624 0.5590232704058778 0.20486079546281624
0 0.6015415069567969 0.1917731326575668 0.6107724398921938 0.1917731326575668 0.6107724398921938 0.2018693296787592 0.6015415069567969 0.2018693296787592
0 0.449650701383448 0.29011757030844143 0.45888163431884477 0.29011757030844143 0.45888163431884477 0.29946590088361963 0.449650701383448 0.29946590088361963
0 0.48769333408690185 0.28076923973326323 0.4963648165413656 0.28076923973326323 0.4963648165413656 0.28862183741641295 0.48769333408690185 0.28862183741641295
0 0.5377641521304183 0.2878739709703987 0.5450370083825492 0.2878739709703987 0.5450370083825492 0.2968483683225698 0.5377641521304183 0.2968483683225698
0 0.5911916730595337 0.2871261045243844 0.5993037050330643 0.2871261045243844 0.5993037050330643 0.29834410121459826 0.5911916730595337 0.29834410121459826
0 0.6362274367746519 0.2871261045243844 0.6421016668244498 0.2871261045243844 0.6421016668244498 0.29610050187655557 0.6362274367746519 0.29610050187655557
0 0.43706306556245217 0.3447118208674821 0.44685344897878226 0.3447118208674821 0.44685344897878226 0.35480801788867455 0.43706306556245217 0.35480801788867455
0 0.4795813021133712 0.3454596873134964 0.4868541583655021 0.3454596873134964 0.4868541583655021 0.3533122849966461 0.4795813021133712 0.3533122849966461
0 0.5900727720976674 0.3439639544214679 0.5973456283497982 0.3439639544214679 0.5973456283497982 0.35144261888161044 0.5900727720976674 0.35144261888161044
0 0.6300734814843872 0.3439639544214679 0.6384652386983845 0.3439639544214679 0.6384652386983845 0.3536862182196532 0.6300734814843872 0.3536862182196532
0 0.5422397559778834 0.3447118208674821 0.5481139860276816 0.3447118208674821 0.5481139860276816 0.35406015144266034 0.5422397559778834 0.35406015144266034
0 0.4451750975359828 0.5365395642701388 0.45104932758578076 0.5365395642701388 0.45104932758578076 0.5451400283993028 0.4451750975359828 0.5451400283993028
0 0.48657443312503545 0.5241997679109036 0.4955256408199658 0.5241997679109036 0.4955256408199658 0.5335480984860818 0.48657443312503545 0.5335480984860818
0 0.5271345929926885 0.5271912336949607 0.5369249764090186 0.5271912336949607 0.5369249764090186 0.539531030054196 0.5271345929926885 0.539531030054196
0 0.5710514557459404 0.5230779682418822 0.5788837624790044 0.5230779682418822 0.5788837624790044 0.5342959649320961 0.5710514557459404 0.5342959649320961
0 0.6090940884493943 0.481571380488091 0.619164197106191 0.481571380488091 0.619164197106191 0.4886761117252265 0.6090940884493943 0.4886761117252265
0 0.6118913408540599 0.5339220317090889 0.6200033728275904 0.5339220317090889 0.6200033728275904 0.5443921619532885 0.6118913408540599 0.5443921619532885
0 0.7716424855100162 0.16959815702822661 0.7785778220505097 0.16959815702822661 0.7785778220505097 0.17856019295153794 0.7716424855100162 0.17856019295153794
0 0.8139480384070267 0.174233692850629 0.822501620140302 0.174233692850629 0.822501620140302 0.18165055016647283 0.8139480384070267 0.18165055016647283
0 0.8624953941904815 0.1810324787234859 0.8703554422697075 0.1810324787234859 0.8703554422697075 0.19092162181127773 0.8624953941904815 0.19092162181127773
0 0.898790322085731 0.17237947852166807 0.9071127259343231 0.17237947852166807 0.9071127259343231 0.18257765733095335 0.898790322085731 0.18257765733095335
0 0.9397088076746428 0.1828866930524469 0.9468753220998195 0.1828866930524469 0.9468753220998195 0.1921577646972517 0.9397088076746428 0.1921577646972517
0 0.7707177739712837 0.22028001535315972 0.779271355704559 0.22028001535315972 0.779271355704559 0.230478194162445 0.7707177739712837 0.230478194162445
0 0.8125609710989281 0.22676976550452302 0.8213457307168865 0.22676976550452302 0.8213457307168865 0.23727698003530184 0.8125609710989281 0.23727698003530184
0 0.8520923893797412 0.22924205127647101 0.8585653701508683 0.22924205127647101 0.8585653701508683 0.2357318014278344 0.8520923893797412 0.2357318014278344
0 0.8955538317001674 0.24469383735114572 0.9013332788172453 0.24469383735114572 0.9013332788172453 0.25087455178101553 0.8955538317001674 0.25087455178101553
0 0.9330046490188324 0.23264144421289942 0.9390152740205934 0.23264144421289942 0.9390152740205934 0.24345769446517174 0.9330046490188324 0.24345769446517174
0 0.7681748172397694 0.3259702321039346 0.7764972210883616 0.3259702321039346 0.7764972210883616 0.333696125141272 0.7681748172397694 0.333696125141272
0 0.8056256345584345 0.3256611963824411 0.8118674374448788 0.3256611963824411 0.8118674374448788 0.33555033947023294 0.8056256345584345 0.33555033947023294
0 0.8414582066843178 0.33245998225529805 0.8490870768788605 0.33245998225529805 0.8490870768788605 0.3404949110141289 0.8414582066843178 0.3404949110141289
0 0.9348540720962972 0.33215094653380445 0.9417894086367908 0.33215094653380445 0.9417894086367908 0.3404949110141288 0.9348540720962972 0.3404949110141288
0 0.7748789758955799 0.38097859052977656 0.7806584230126578 0.38097859052977656 0.7806584230126578 0.3899406264530879 0.7748789758955799 0.3899406264530879
0 0.8053944566737513 0.37263462604945224 0.8148727499457592 0.37263462604945224 0.8148727499457592 0.38066955480828313 0.8053944566737513 0.38066955480828313
0 0.8433076297617826 0.3652177687336085 0.8509364999563255 0.3652177687336085 0.8509364999563255 0.3766520904288677 0.8433076297617826 0.3766520904288677
0 0.9360099615197128 0.3760340189858807 0.9427141201755233 0.3760340189858807 0.9427141201755233 0.38406894774471156 0.9360099615197128 0.38406894774471156
