0 0.4427599155721393 0.15084832998636932 0.4510649103252011 0.15084832998636932 0.4510649103252011 0.15824967246060057 0.4427599155721393 0.15824967246060057
0 0.48128586345439806 0.14807282655853263 0.4884373867139789 0.14807282655853263 0.4884373867139789 0.15547416903276381 0.48128586345439806 0.15547416903276381
0 0.5022790446357486 0.14930638363757115 0.5091998735966333 0.14930638363757115 0.5091998735966333 0.15763289392108126 0.5022790446357486 0.15763289392108126
0 0.5424198526088805 0.1514651085258886 0.5488792929723729 0.1514651085258886 0.5488792929723729 0.15824967246060057 0.5424198526088805 0.15824967246060057
0 0.4429906098708355 0.20049900241767035 0.4499114388317202 0.20049900241767035 0.4499114388317202 0.20944229124069974 0.4429906098708355 0.20944229124069974
0 0.48151655775309415 0.20049900241767035 0.48820669241528275 0.20049900241767035 0.48820669241528275 0.20913390197094012 0.48151655775309415 0.20913390197094012
0 0.5112761222848988 0.20111578095718963 0.5179662569470875 0.20111578095718963 0.5179662569470875 0.21005906978021902 0.5112761222848988 0.21005906978021902
0 0.5463416556867152 0.20204094876646853 0.5532624846476 0.20204094876646853 0.5532624846476 0.2109842375894979 0.5463416556867152 0.2109842375894979
0 0.58209927198462 0.20142417022694928 0.5880973237507201 0.20142417022694928 0.5880973237507201 0.20944229124069974 0.58209927198462 0.20944229124069974
0 0.44206783267605076 0.3090520253730614 0.4496807445330241 0.3090520253730614 0.4496807445330241 0.31922887127512933 0.44206783267605076 0.31922887127512933
0 0.4778254489739556 0.3007255150895513 0.48636113802571346 0.3007255150895513 0.48636113802571346 0.30874363610330174 0.4778254489739556 0.30874363610330174
0 0.518889034141872 0.3118275288008981 0.5265019459988454 0.3118275288008981 0.5265019459988454 0.3198456498146487 0.518889034141872 0.3198456498146487
0 0.5428812412062728 0.3062765219452247 0.5493406815697652 0.3062765219452247 0.5493406815697652 0.3164533678472926 0.5428812412062728 0.3164533678472926
0 0.5652585881798002 0.2957912867733971 0.5701031684524197 0.2957912867733971 0.5701031684524197 0.30535135413594583 0.5652585881798002 0.30535135413594583
0 0.4432213041695316 0.35685236218580463 0.44991143883172025 0.35685236218580463 0.44991143883172025 0.36641242954835324 0.4432213041695316 0.36641242954835324
0 0.46790559413002064 0.3531516909486891 0.47644128318177864 0.3531516909486891 0.47644128318177864 0.36147820123219926 0.46790559413002064 0.36147820123219926
0 0.5004334902461792 0.35160974459989086 0.5087384849992411 0.35160974459989086 0.5087384849992411 0.3611698119624396 0.5004334902461792 0.3611698119624396
0 0.52742472319363 0.3553104158370065 0.534576246453211 0.3553104158370065 0.534576246453211 0.36363692612051657 0.52742472319363 0.36363692612051657
0 0.5518783188554229 0.3608614226926799 0.5597219250110924 0.3608614226926799 0.5597219250110924 0.3694963222459497 0.5518783188554229 0.3694963222459497
0 0.45014213313041634 0.46293827098311874 0.4566015734939089 0.46293827098311874 0.4566015734939089 0.47157317053638853 0.45014213313041634 0.47157317053638853
0 0.4759798945843863 0.46232149244359955 0.4831314178439673 0.46232149244359955 0.4831314178439673 0.4721899490759077 0.4759798945843863 0.4721899490759077
0 0.502971127531837 0.4654053851411957 0.5096612621940257 0.4654053851411957 0.5096612621940257 0.4771241773920619 0.502971127531837 0.4771241773920619
0 0.5412663811153997 0.46509699587143616 0.5486485986736769 0.46509699587143616 0.5486485986736769 0.47589062031302337 0.5412663811153997 0.47589062031302337
0 0.5795616346989623 0.4666389422202343 0.5862517693611509 0.4666389422202343 0.5862517693611509 0.47589062031302337 0.5795616346989623 0.47589062031302337
0 0.4515262989225933 0.5218406215072088 0.46006198797435127 0.5218406215072088 0.46006198797435127 0.5307839103302382 0.4515262989225933 0.5307839103302382
0 0.4819779463504865 0.5255412927443244 0.4900522468048521 0.5255412927443244 0.4900522468048521 0.5366433064556712 0.4819779463504865 0.5366433064556712
0 0.5151979253627336 0.5218406215072088 0.5223494486223145 0.5218406215072088 0.5223494486223145 0.5310922995999977 0.5151979253627336 0.5310922995999977
0 0.5516476245567269 0.514130889763218 0.5611060908032695 0.514130889763218 0.5611060908032695 0.5239993463955261 0.5516476245567269 0.5239993463955261
0 0.5774853860106968 0.5128973326841794 0.5846369092702778 0.5128973326841794 0.5846369092702778 0.5243077356652859 0.5774853860106968 0.5243077356652859
0 0.45752435068869346 0.6245342483371668 0.46652142833784377 0.6245342483371668 0.46652142833784377 0.6328607586206768 0.45752435068869346 0.6328607586206768
0 0.48797599811658665 0.6260761946859649 0.4953582156748638 0.6260761946859649 0.4953582156748638 0.6365614298577925 0.48797599811658665 0.6365614298577925
0 0.5151979253627336 0.6263845839557246 0.5228108372197068 0.6263845839557246 0.5228108372197068 0.639336933285629 0.5151979253627336 0.639336933285629
0 0.5553387333358654 0.6300852551928382 0.5617981736993574 0.6300852551928382 0.5617981736993574 0.640570490364666 0.5553387333358654 0.640570490364666
0 0.5880973237507201 0.6291600873835613 0.5961716242050857 0.6291600873835613 0.5961716242050857 0.6381033762065907 0.5880973237507201 0.6381033762065907
0 0.4489886616369356 0.6751100885777468 0.4568322677926051 0.6751100885777468 0.4568322677926051 0.6837449881310164 0.4489886616369356 0.6837449881310164
0 0.48128586345439806 0.6933050554935654 0.4879759981165866 0.6933050554935654 0.4879759981165866 0.7040986799351525 0.48128586345439806 0.7040986799351525
0 0.5105840393888104 0.682511431051978 0.5177355626483913 0.682511431051978 0.5177355626483913 0.6920714984145266 0.5105840393888104 0.6920714984145266
0 0.5401129096219187 0.6948470018423637 0.5486485986736768 0.6948470018423637 0.5486485986736768 0.7047154584746717 0.5401129096219187 0.7047154584746717
0 0.5800230232963546 0.6939218340330846 0.5857903807637586 0.6939218340330846 0.5857903807637586 0.7047154584746717 0.5800230232963546 0.7047154584746717
0 0.7872162986576021 0.3266333311247488 0.7940919630976959 0.3266333311247488 0.7940919630976959 0.3337182936404155 0.7872162986576021 0.3337182936404155
0 0.8118540962346052 0.326250360177956 0.8193027327113738 0.326250360177956 0.8193027327113738 0.3333353226936227 0.8118540962346052 0.3333353226936227
0 0.8397864830224868 0.3279737294385236 0.8458026894075693 0.3279737294385236 0.8458026894075693 0.3379309740551363 0.8397864830224868 0.3379309740551363
0 0.8745945342504625 0.3339097791138119 0.8818999277180624 0.3339097791138119 0.8818999277180624 0.3419521689964607 0.8745945342504625 0.3419521689964607
0 0.9049620521942107 0.33276086627343354 0.9108350155701241 0.33276086627343354 0.9108350155701241 0.3411862271028751 0.9049620521942107 0.3411862271028751
0 0.7886487287492883 0.3769940106280016 0.7949514211527078 0.3769940106280016 0.7949514211527078 0.3863767988244252 0.7886487287492883 0.3863767988244252
0 0.8197324617388797 0.38139817651611874 0.8273243412248166 0.38139817651611874 0.8273243412248166 0.3898235373455603 0.8197324617388797 0.3898235373455603
0 0.8551134850035296 0.38618531335102874 0.8615594204161178 0.38618531335102874 0.8615594204161178 0.39480215965386667 0.8551134850035296 0.39480215965386667
0 0.8856242459564464 0.3946106741804702 0.8902080222498424 0.3946106741804702 0.8902080222498424 0.4039934623768938 0.8856242459564464 0.4039934623768938
0 0.8982296307632853 0.38829165355838907 0.9055350242308852 0.38829165355838907 0.9055350242308852 0.3955681015474522 0.8982296307632853 0.3955681015474522
0 0.7711730816307161 0.4681410959646872 0.7760433439424493 0.4681410959646872 0.7760433439424493 0.4779068551079035 0.7711730816307161 0.4779068551079035
0 0.7978162813360803 0.4658432702839304 0.8039757307303311 0.4658432702839304 0.8039757307303311 0.47503457300695756 0.7978162813360803 0.47503457300695756
0 0.8257486681239619 0.47235377637940795 0.8321946035365498 0.47235377637940795 0.8321946035365498 0.4821195355226243 0.8257486681239619 0.4821195355226243
0 0.8592675322694197 0.47331120374639 0.8670026547645254 0.47331120374639 0.8670026547645254 0.4817365645758315 0.8592675322694197 0.4817365645758315
0 0.8843350588739288 0.4735026892197864 0.89149720933236 0.4735026892197864 0.89149720933236 0.4802046807886604 0.8843350588739288 0.4802046807886604
0 0.770456866584873 0.5276930781909671 0.7781919890799788 0.5276930781909671 0.7781919890799788 0.5345865552332374 0.770456866584873 0.5345865552332374
0 0.7999649264736095 0.5292249619781383 0.805837889849523 0.5292249619781383 0.805837889849523 0.5380332937543726 0.7999649264736095 0.5380332937543726
0 0.82904325733484 0.5292249619781383 0.8344864916832477 0.5292249619781383 0.8344864916832477 0.5386077501745619 0.82904325733484 0.5386077501745619
0 0.8584080742144079 0.520416630201904 0.8635648225444785 0.520416630201904 0.8635648225444785 0.5307568457653097 0.8584080742144079 0.5307568457653097
0 0.8896350502131679 0.5236718832496428 0.8980863877541168 0.5236718832496428 0.8980863877541168 0.5324802150258771 0.8896350502131679 0.5324802150258771
0 0.7710298386215474 0.6190316490010491 0.778478475098316 0.6190316490010491 0.778478475098316 0.6297548355112474 0.7710298386215474 0.6297548355112474
0 0.8035460017028251 0.6213294746818059 0.8104216661429192 0.6213294746818059 0.8104216661429192 0.6309037483516258 0.8035460017028251 0.6309037483516258
0 0.8389270249674752 0.6247762132029411 0.8443702593158829 0.6247762132029411 0.8443702593158829 0.6316696902452115 0.8389270249674752 0.6316696902452115
0 0.8707269730029096 0.6194146199478419 0.8771729084154974 0.6194146199478419 0.8771729084154974 0.6287974081442654 0.8707269730029096 0.6287974081442654
0 0.9108350155701241 0.6150104540597248 0.9161350069093633 0.6150104540597248 0.9161350069093633 0.6243932422561483 0.9108350155701241 0.6243932422561483
0 0.9147025768176769 0.6661370754565631 0.920002568156916 0.6661370754565631 0.920002568156916 0.6755198636529864 0.9147025768176769 0.6755198636529864
0 0.8793215535530271 0.6703497558712838 0.8870566760481327 0.6703497558712838 0.8870566760481327 0.6791580876475183 0.8793215535530271 0.6791580876475183
0 0.8463756614442434 0.67800917480714 0.8523918678293257 0.67800917480714 0.8523918678293257 0.6854771082695993 0.8463756614442434 0.6854771082695993
0 0.8032595156844878 0.6726475815520407 0.8097054510970758 0.6726475815520407 0.8097054510970758 0.6822218552218606 0.8032595156844878 0.6822218552218606
0 0.7701703805665358 0.6736050089190226 0.776186586951618 0.6736050089190226 0.776186586951618 0.6837537390090317 0.7701703805665358 0.6837537390090317
