0 0.4491677071566153 0.31235817316238645 0.4571678490339593 0.31235817316238645 0.4571678490339593 0.3234639898856982 0.4491677071566153 0.3234639898856982
0 0.46701417749838264 0.31276949970769435 0.4756297149047531 0.31276949970769435 0.4756297149047531 0.32223001024977466 0.46701417749838264 0.32223001024977466
0 0.49070690536590134 0.31400347934361783 0.4965531628916527 0.31400347934361783 0.4965531628916527 0.32305266334039034 0.49070690536590134 0.32305266334039034
0 0.506399491356076 0.31400347934361783 0.5131688421753672 0.31400347934361783 0.5131688421753672 0.3246979695216217 0.506399491356076 0.3246979695216217
0 0.526399846049436 0.31400347934361783 0.5334768946332402 0.31400347934361783 0.5334768946332402 0.3234639898856982 0.526399846049436 0.3234639898856982
0 0.4522446848017476 0.37817042041164106 0.46239871103068414 0.37817042041164106 0.46239871103068414 0.38516297168187424 0.4522446848017476 0.38516297168187424
0 0.4799374836079383 0.3711778691414077 0.4863991366627161 0.3711778691414077 0.4863991366627161 0.38063837968348807 0.4799374836079383 0.38063837968348807
0 0.5020917226528908 0.36912123641486844 0.5097841667657216 0.36912123641486844 0.5097841667657216 0.3785817469569488 0.5020917226528908 0.3785817469569488
0 0.5233228684043036 0.3650079709617901 0.5310153125171344 0.3650079709617901 0.5310153125171344 0.3748798080491783 0.5233228684043036 0.3748798080491783
0 0.5442463163912032 0.3670646036883294 0.5528618537975737 0.3670646036883294 0.5528618537975737 0.3740571549585627 0.5442463163912032 0.3740571549585627
0 0.456860151269446 0.4752434851042915 0.46270640879519737 0.4752434851042915 0.46270640879519737 0.48470399564637184 0.456860151269446 0.48470399564637184
0 0.480860576901478 0.47812277092144634 0.4900915098368749 0.47812277092144634 0.4900915098368749 0.4859379752822953 0.480860576901478 0.4859379752822953
0 0.5073225846496157 0.4814133832839091 0.515630424291473 0.4814133832839091 0.515630424291473 0.49087389382598945 0.5073225846496157 0.49087389382598945
0 0.5387077566299652 0.47730011783083065 0.5470155962718224 0.47730011783083065 0.5470155962718224 0.4863493018276032 0.5387077566299652 0.4863493018276032
0 0.5620927867329706 0.47730011783083065 0.5710160219038543 0.47730011783083065 0.5710160219038543 0.48429266910106394 0.5620927867329706 0.48429266910106394
0 0.480860576901478 0.5344745076286205 0.4888607187788219 0.5344745076286205 0.4888607187788219 0.5418783854441616 0.480860576901478 0.5418783854441616
0 0.5039379092399702 0.530361242175542 0.510399562294748 0.530361242175542 0.510399562294748 0.5394104261723145 0.5039379092399702 0.5394104261723145
0 0.5288614281655418 0.5241913439959244 0.5347076856912932 0.5241913439959244 0.5347076856912932 0.5348858341739284 0.5288614281655418 0.5348858341739284
0 0.5473232940363356 0.5229573643600008 0.5547080403846532 0.5229573643600008 0.5547080403846532 0.5340631810833125 0.5473232940363356 0.5340631810833125
0 0.4494754049211285 0.6241436945057297 0.45716784903395935 0.6241436945057297 0.45716784903395935 0.6319588988665787 0.4494754049211285 0.6319588988665787
0 0.47686050596280594 0.6270229803228846 0.48270676348855734 0.6270229803228846 0.48270676348855734 0.6352495112290415 0.47686050596280594 0.6352495112290415
0 0.5020917226528908 0.6249663475963454 0.5082456779431554 0.6249663475963454 0.5082456779431554 0.6348381846837335 0.5020917226528908 0.6348381846837335
0 0.5248613572268699 0.6192077759620357 0.531938405810674 0.6192077759620357 0.531938405810674 0.6294909395947316 0.5248613572268699 0.6294909395947316
0 0.5482463873298753 0.6196191025073434 0.5565542269717325 0.6196191025073434 0.5565542269717325 0.6278456334135003 0.5482463873298753 0.6278456334135003
0 0.4497831026856418 0.6804954312129038 0.45901403562103876 0.6804954312129038 0.45901403562103876 0.6891332886643686 0.4497831026856418 0.6891332886643686
0 0.4777835992563457 0.6821407373941352 0.4851683456046632 0.6821407373941352 0.4851683456046632 0.687899309028445 0.4777835992563457 0.687899309028445
0 0.5017840248883777 0.6874879824831371 0.5076302824141291 0.6874879824831371 0.5076302824141291 0.6969484930252176 0.5017840248883777 0.6969484930252176
0 0.5254767527558963 0.6804954312129038 0.5334768946332403 0.6804954312129038 0.5334768946332403 0.6907785948455999 0.5254767527558963 0.6907785948455999
0 0.5488617828589017 0.6788501250316726 0.557169622500759 0.6788501250316726 0.557169622500759 0.6891332886643686 0.5488617828589017 0.6891332886643686
0 0.46116791997263135 0.7882629860835582 0.46855266632094883 0.7882629860835582 0.46855266632094883 0.796489516989715 0.46116791997263135 0.796489516989715
0 0.48793762548528236 0.7907309453554052 0.49593776736262624 0.7907309453554052 0.49593776736262624 0.7981348231709462 0.48793762548528236 0.7981348231709462
0 0.5162458198204994 0.7894969657194818 0.523630566168817 0.7894969657194818 0.523630566168817 0.7973121700803306 0.5162458198204994 0.7973121700803306
0 0.5420924320396108 0.7849723737210955 0.5485540850943885 0.7849723737210955 0.5485540850943885 0.7952555373537915 0.5420924320396108 0.7952555373537915
0 0.5627081822619971 0.7874403329929426 0.5707083241393411 0.7874403329929426 0.5707083241393411 0.7969008435350229 0.5627081822619971 0.7969008435350229
0 0.4559370579759064 0.8425580900641931 0.46270640879519753 0.8425580900641931 0.46270640879519753 0.8499619678797342 0.4559370579759064 0.8499619678797342
0 0.511630353352801 0.8417354369735773 0.5193227974656316 0.8417354369735773 0.5193227974656316 0.8483166616985028 0.511630353352801 0.8483166616985028
0 0.5377846633364255 0.8405014573376539 0.5439386186266901 0.8405014573376539 0.5439386186266901 0.8495506413344265 0.5377846633364255 0.8495506413344265
0 0.557169622500759 0.8376221715204991 0.5636312755555369 0.8376221715204991 0.5636312755555369 0.8466713555172715 0.557169622500759 0.8466713555172715
0 0.5768622794296057 0.8359768653392676 0.5867086078940291 0.8359768653392676 0.5867086078940291 0.8479053351531951 0.5768622794296057 0.8479053351531951
