0 0.45486843192582943 0.3079532128743186 0.4612891204911157 0.3079532128743186 0.4612891204911157 0.3178237740003313 0.45486843192582943 0.3178237740003313
0 0.4741304976216883 0.3079532128743186 0.48135377225763537 0.3079532128743186 0.48135377225763537 0.31803835141611414 0.4741304976216883 0.31803835141611414
0 0.4945161838164724 0.30859694512166724 0.503184113379609 0.30859694512166724 0.503184113379609 0.318252928831897 0.4945161838164724 0.318252928831897
0 0.5112099740862168 0.31009898703214744 0.517630662651503 0.31009898703214744 0.517630662651503 0.3193258159108115 0.5112099740862168 0.3193258159108115
0 0.5304720397820757 0.30924067736901595 0.5401030726300051 0.30924067736901595 0.5401030726300051 0.31911123849502865 0.5304720397820757 0.31911123849502865
0 0.45888136227913334 0.3712535505302695 0.4661046369150804 0.3712535505302695 0.4661046369150804 0.3813386890720651 0.45888136227913334 0.3813386890720651
0 0.4847246337544107 0.3661036925514803 0.4913058395338292 0.3661036925514803 0.4913058395338292 0.3757596762617101 0.4847246337544107 0.3757596762617101
0 0.5078391125894414 0.3637433409778686 0.5149018700112563 0.3637433409778686 0.5149018700112563 0.37490136659857853 0.5078391125894414 0.37490136659857853
0 0.5283853159983576 0.3600955249095595 0.5357691078484369 0.3600955249095595 0.5357691078484369 0.3708243956987037 0.5283853159983576 0.3708243956987037
0 0.550215657120331 0.36116841198847394 0.5577599661845425 0.36116841198847394 0.5577599661845425 0.37039524086713793 0.550215657120331 0.37039524086713793
0 0.46112860327698363 0.4693154295430475 0.46787032627053426 0.4693154295430475 0.46787032627053426 0.47982972291640885 0.46112860327698363 0.47982972291640885
0 0.4864903231098645 0.4718903585324422 0.49483721824473675 0.4718903585324422 0.49483721824473675 0.4809026099953233 0.4864903231098645 0.4809026099953233
0 0.5129756634416704 0.47553817460075115 0.5200384208634854 0.47553817460075115 0.5200384208634854 0.48691077763724405 0.5129756634416704 0.48691077763724405
0 0.5447580718398377 0.47167578111665925 0.5523023809040492 0.47167578111665925 0.5523023809040492 0.48133176482688905 0.5447580718398377 0.48133176482688905
0 0.5680330678890005 0.47124662628509345 0.5758984113814765 0.47124662628509345 0.5758984113814765 0.4800443003321917 0.5680330678890005 0.4800443003321917
0 0.4858482542533359 0.5293971059622552 0.49467670103060457 0.5293971059622552 0.49467670103060457 0.5379802025935705 0.4858482542533359 0.5379802025935705
0 0.5081601470177057 0.5253201350623804 0.5161860077243137 0.5253201350623804 0.5161860077243137 0.5369073155146562 0.5081601470177057 0.5369073155146562
0 0.5325587635657938 0.5197411222520253 0.5407451414865337 0.5197411222520253 0.5407451414865337 0.5306845704569524 0.5325587635657938 0.5306845704569524
0 0.5531049669747099 0.5188828125888939 0.5608097932530536 0.5188828125888939 0.5608097932530536 0.5300408382096038 0.5531049669747099 0.5300408382096038
0 0.4551894663540938 0.6175884238490206 0.46305480984656955 0.6175884238490206 0.46305480984656955 0.6272444075592503 0.4551894663540938 0.6272444075592503
0 0.4821563583282963 0.6205925076699811 0.4884165296794505 0.6205925076699811 0.4884165296794505 0.6306776462117766 0.4821563583282963 0.6306776462117766
0 0.5078391125894415 0.6184467335121522 0.5137782495123313 0.6184467335121522 0.5137782495123313 0.6308922236275595 0.5078391125894415 0.6308922236275595
0 0.5296694537114149 0.6128677207017972 0.5373742799897586 0.6128677207017972 0.5373742799897586 0.624454901154073 0.5296694537114149 0.624454901154073
0 0.5542285874736351 0.613296875533363 0.5617728965378465 0.613296875533363 0.5617728965378465 0.6233820140751585 0.5542285874736351 0.6233820140751585
0 0.45663412128128383 0.675309748694617 0.4632153270607034 0.675309748694617 0.4632153270607034 0.684536577573282 0.45663412128128383 0.684536577573282
0 0.4823168755424284 0.6753097486946166 0.49050325346316853 0.6753097486946166 0.49050325346316853 0.6838928453259319 0.4823168755424284 0.6838928453259319
0 0.50623394044812 0.6802450292576229 0.512333594585142 0.6802450292576229 0.512333594585142 0.6914030548783329 0.50623394044812 0.6914030548783329
0 0.5309535914244722 0.6735931293683534 0.5383373832745516 0.6735931293683534 0.5383373832745516 0.6845365775732803 0.5309535914244722 0.6845365775732803
0 0.554068070259503 0.6731639745367879 0.562414965394375 0.6731639745367879 0.562414965394375 0.6845365775732805 0.554068070259503 0.6845365775732805
0 0.46594411970094834 0.782169301754493 0.4734884287651598 0.782169301754493 0.4734884287651598 0.7913961306331568 0.46594411970094834 0.7913961306331568
0 0.49275049446101865 0.7845296533281046 0.501257906810023 0.7845296533281046 0.501257906810023 0.7926835951278542 0.49275049446101865 0.7926835951278542
0 0.5222856618613357 0.7830276114176246 0.5290273848548863 0.7830276114176246 0.5290273848548863 0.792898172543637 0.5222856618613357 0.792898172543637
0 0.5458816923387628 0.7780923308546182 0.5524628981181813 0.7780923308546182 0.5524628981181813 0.7901086661384596 0.5458816923387628 0.7901086661384596
0 0.5661068613194148 0.7815255695071441 0.5742932392401549 0.7815255695071441 0.5742932392401549 0.7937564822067685 0.5661068613194148 0.7937564822067685
0 0.46016549999219064 0.8353845008686481 0.4681913606987986 0.8353845008686481 0.4681913606987986 0.8450404845788779 0.46016549999219064 0.8450404845788779
0 0.5169885937949745 0.833882458958168 0.5251749717157146 0.833882458958168 0.5251749717157146 0.8439675974999634 0.5169885937949745 0.8439675974999634
0 0.5417082447713267 0.8317366848003389 0.5489315194072737 0.8317366848003389 0.5489315194072737 0.8441821749157463 0.5417082447713267 0.8441821749157463
0 0.5628965170367716 0.8315221073845563 0.5691566883879259 0.8315221073845563 0.5691566883879259 0.8422509781737003 0.5628965170367716 0.8422509781737003
0 0.5834427204456878 0.832380417047688 0.5914685811522956 0.832380417047688 0.5914685811522956 0.841392668510569 0.5834427204456878 0.841392668510569
