0 0.12740116130175053 0.17040821876900952 0.13410531995756095 0.17040821876900952 0.13410531995756095 0.17782507608485335 0.12740116130175053 0.17782507608485335
0 0.16670140169788056 0.1775160403633599 0.17363673823837408 0.1775160403633599 0.17363673823837408 0.1874051834511517 0.16670140169788056 0.1874051834511517
0 0.20415221901654562 0.1728805045409575 0.2115499113264054 0.1728805045409575 0.2115499113264054 0.18307868335024283 0.20415221901654562 0.18307868335024283
0 0.2533931084540497 0.16948111160452903 0.2607908007639094 0.16948111160452903 0.2607908007639094 0.17967929041381434 0.2533931084540497 0.17967929041381434
0 0.2989351517366239 0.17535279031290546 0.30748873346989924 0.17535279031290546 0.30748873346989924 0.1827696476287493 0.2989351517366239 0.1827696476287493
0 0.12370231514682065 0.22634368435933197 0.1311000074566804 0.22634368435933197 0.1311000074566804 0.23561475600413678 0.12370231514682065 0.23561475600413678
0 0.14982541611601294 0.2241804343088775 0.1583789978492883 0.2241804343088775 0.1583789978492883 0.23499668456114983 0.14982541611601294 0.23499668456114983
0 0.19929748343820017 0.225107541473358 0.2076198872867924 0.225107541473358 0.2076198872867924 0.23530572028264332 0.19929748343820017 0.23530572028264332
0 0.2478448392216549 0.22325332714439702 0.25547370941619774 0.22325332714439702 0.25547370941619774 0.23376054167517582 0.2478448392216549 0.23376054167517582
0 0.2869139017331018 0.22387139858738403 0.2956986613510602 0.22387139858738403 0.2956986613510602 0.23221536306770837 0.2869139017331018 0.23221536306770837
0 0.13849769976654017 0.30854718627660144 0.1463577478457662 0.30854718627660144 0.1463577478457662 0.3178182579214062 0.13849769976654017 0.3178182579214062
0 0.16970671419876107 0.3100923648840689 0.1771044065086208 0.3100923648840689 0.1771044065086208 0.3165821150354323 0.16970671419876107 0.3165821150354323
0 0.21108755555703915 0.3091652577195884 0.21617346902006776 0.3091652577195884 0.21617346902006776 0.31812729364289977 0.21108755555703915 0.31812729364289977
0 0.25454899787746527 0.30854718627660144 0.26287140172605755 0.30854718627660144 0.26287140172605755 0.3184363293643932 0.25454899787746527 0.3184363293643932
0 0.3014781084681382 0.31812729364289977 0.308875800777998 0.31812729364289977 0.308875800777998 0.3252351152372501 0.3014781084681382 0.3252351152372501
0 0.1477448151538649 0.36448265186692386 0.15121248342411164 0.36448265186692386 0.15121248342411164 0.37220854490426125 0.1477448151538649 0.37220854490426125
0 0.175486161315839 0.36355554470244333 0.18334620939506502 0.36355554470244333 0.18334620939506502 0.3712814377397807 0.175486161315839 0.3712814377397807
0 0.2013780844003482 0.3579929017155605 0.2064639978633768 0.3579929017155605 0.2064639978633768 0.3666459019173783 0.2013780844003482 0.3666459019173783
0 0.2508501517225354 0.3598471160445215 0.2561672430702472 0.3598471160445215 0.2561672430702472 0.36850011624633944 0.2508501517225354 0.36850011624633944
0 0.3077199113545824 0.353357365893158 0.3155799594338084 0.353357365893158 0.3155799594338084 0.3613922946519889 0.3077199113545824 0.3613922946519889
0 0.1426589016908363 0.4797529759839972 0.1491318824619636 0.4797529759839972 0.1491318824619636 0.48840597618581505 0.1426589016908363 0.48840597618581505
0 0.17571733920052213 0.4831523689204257 0.18172796420228318 0.4831523689204257 0.18172796420228318 0.4924234405652306 0.17571733920052213 0.4924234405652306
0 0.20114690651566514 0.4828433331989322 0.2092381324795742 0.4828433331989322 0.2092381324795742 0.49149633340074994 0.20114690651566514 0.49149633340074994
0 0.22657647383080803 0.47480840444010136 0.2337429882559847 0.47480840444010136 0.2337429882559847 0.48562465469237365 0.22657647383080803 0.48562465469237365
0 0.13479885361161031 0.5267264056510084 0.14196536803678697 0.5267264056510084 0.14196536803678697 0.5325980843593848 0.13479885361161031 0.5325980843593848
0 0.1579166420799221 0.5285806199799693 0.16531433438978188 0.5285806199799693 0.16531433438978188 0.5350703701313327 0.1579166420799221 0.5350703701313327
0 0.18265267574101565 0.5254902627650344 0.19097507958960785 0.5254902627650344 0.19097507958960785 0.5347613344098393 0.18265267574101565 0.5347613344098393
0 0.21062519978767294 0.525799298486528 0.21871642575158207 0.525799298486528 0.21871642575158207 0.5338342272453587 0.21062519978767294 0.5338342272453587
0 0.27535500749894587 0.47820779737652974 0.2829838776934888 0.47820779737652974 0.2829838776934888 0.4880969404643216 0.27535500749894587 0.4880969404643216
0 0.2996286853906733 0.48377044036341266 0.30587048827711744 0.48377044036341266 0.30587048827711744 0.49520476205867187 0.2996286853906733 0.49520476205867187
0 0.4445772190869881 0.14352211099907553 0.451974911396848 0.14352211099907553 0.451974911396848 0.1540293255298543 0.4445772190869881 0.1540293255298543
0 0.5136994066072403 0.1500118611504389 0.5234088777639314 0.1500118611504389 0.5234088777639314 0.15990100423823073 0.5136994066072403 0.15990100423823073
0 0.5629402960447444 0.1447582538850495 0.5696444547005548 0.1447582538850495 0.5696444547005548 0.15742871846628276 0.5629402960447444 0.15742871846628276
0 0.6163423874065446 0.14815764682147795 0.6253583249091863 0.14815764682147795 0.6253583249091863 0.15650161130180232 0.6163423874065446 0.15650161130180232
0 0.4376418825464946 0.19018650494459316 0.44457721908698805 0.19018650494459316 0.44457721908698805 0.1991485408679045 0.4376418825464946 0.1991485408679045
0 0.4769421229426246 0.20100275519686545 0.48387745948311806 0.20100275519686545 0.48387745948311806 0.21212804117063122 0.4769421229426246 0.21212804117063122
0 0.5210970989171001 0.2031660052473199 0.5301130364197417 0.2031660052473199 0.5301130364197417 0.21367321977809875 0.5210970989171001 0.21367321977809875
0 0.5590102720051314 0.19667625509595651 0.5675638537384068 0.19667625509595651 0.5675638537384068 0.20563829101926787 0.5590102720051314 0.20563829101926787
0 0.6029340700949237 0.19234975499504758 0.6103317624047835 0.19234975499504758 0.6103317624047835 0.20100275519686545 0.6029340700949237 0.20100275519686545
0 0.45081902197343227 0.2893869715440048 0.45798553639860895 0.2893869715440048 0.45798553639860895 0.30020322179627706 0.45081902197343227 0.30020322179627706
0 0.48734512775336486 0.2807339713421869 0.4970545989100559 0.2807339713421869 0.4970545989100559 0.2896960072654983 0.48734512775336486 0.2896960072654983
0 0.4376418825464946 0.3443953299698468 0.44642664216445294 0.3443953299698468 0.44642664216445294 0.3555206159436125 0.4376418825464946 0.3555206159436125
0 0.47902272390477263 0.3450134014128337 0.4871139498686818 0.3450134014128337 0.4871139498686818 0.35459350877913204 0.47902272390477263 0.35459350877913204
0 0.5386666181530171 0.2875327572150438 0.544446065270095 0.2875327572150438 0.544446065270095 0.29680382885984863 0.5386666181530171 0.29680382885984863
0 0.5421342864232638 0.3437772585268597 0.5479137335403418 0.3437772585268597 0.5479137335403418 0.3536664016146515 0.5421342864232638 0.3536664016146515
0 0.5909128200914017 0.28784179293653733 0.5992352239399938 0.28784179293653733 0.5992352239399938 0.2986580431888097 0.5909128200914017 0.2986580431888097
0 0.5890633970139367 0.3428501513623792 0.5971546229778458 0.3428501513623792 0.5971546229778458 0.35212122300718407 0.5890633970139367 0.35212122300718407
0 0.6295195268334823 0.34223207991939225 0.6392289979901731 0.34223207991939225 0.6392289979901731 0.3555206159436125 0.6295195268334823 0.3555206159436125
0 0.6346054402965109 0.28567854288608285 0.642234310491054 0.28567854288608285 0.642234310491054 0.29680382885984863 0.6346054402965109 0.29680382885984863
0 0.44411486331762184 0.5369245844602936 0.45128137774279853 0.5369245844602936 0.45128137774279853 0.5455775846621115 0.44411486331762184 0.5455775846621115
0 0.48665159409931547 0.5227089412715928 0.4949739979479077 0.5227089412715928 0.4949739979479077 0.5332161558023718 0.48665159409931547 0.5332161558023718
0 0.5278012575729104 0.5276535128154888 0.5351989498827702 0.5276535128154888 0.5351989498827702 0.5397059059537351 0.5278012575729104 0.5397059059537351
0 0.5719562335473859 0.5230179769930864 0.5786603922031964 0.5230179769930864 0.5786603922031964 0.5347613344098393 0.5719562335473859 0.5347613344098393
0 0.6114876518281991 0.5335251915238652 0.6205035893308407 0.5335251915238652 0.6205035893308407 0.5449595132191245 0.6114876518281991 0.5449595132191245
0 0.6107941181741496 0.47820779737652974 0.6184229883686927 0.47820779737652974 0.6184229883686927 0.48964211907178895 0.6107941181741496 0.48964211907178895
0 0.7715962499330796 0.16793593299706164 0.7787627643582564 0.16793593299706164 0.7787627643582564 0.17844314752784038 0.7715962499330796 0.17844314752784038
0 0.8145953364841396 0.1728805045409575 0.8210683172552671 0.1728805045409575 0.8210683172552671 0.18184254046426884 0.8145953364841396 0.18184254046426884
0 0.8626803364982281 0.17998832613530785 0.8696156730387216 0.17998832613530785 0.8696156730387216 0.19080457638758014 0.8626803364982281 0.19080457638758014
0 0.8992064422781606 0.17257146881946397 0.9082223797808023 0.17257146881946397 0.9082223797808023 0.1833877190717363 0.8992064422781606 0.1833877190717363
0 0.938969038443657 0.1815335047427753 0.9465979086381998 0.1815335047427753 0.9465979086381998 0.1911136121090736 0.938969038443657 0.1911136121090736
0 0.7711338941637135 0.2229442914229035 0.779918653781672 0.2229442914229035 0.779918653781672 0.23097922018173436 0.7711338941637135 0.23097922018173436
0 0.8122835576373084 0.22757982724530595 0.8208371393705839 0.22757982724530595 0.8208371393705839 0.23592379172563036 0.8122835576373084 0.23592379172563036
0 0.8520461538028047 0.2281978986882929 0.8594438461126642 0.2281978986882929 0.8594438461126642 0.23777800605459126 0.8520461538028047 0.23777800605459126
0 0.8943517066998151 0.24241354187699365 0.9012870432403087 0.24241354187699365 0.9012870432403087 0.252611720686279 0.8943517066998151 0.252611720686279
0 0.9329584134418958 0.2334515059536823 0.9389690384436569 0.2334515059536823 0.9389690384436569 0.24241354187699365 0.9329584134418958 0.24241354187699365
0 0.7690532932015653 0.32430800807276966 0.776450985511425 0.32430800807276966 0.776450985511425 0.33450618688205497 0.7690532932015653 0.33450618688205497
0 0.8058105768661811 0.32647125812322414 0.8120523797526252 0.32647125812322414 0.8120523797526252 0.33605136548952247 0.8058105768661811 0.33605136548952247
0 0.8425678605307968 0.33110679394562653 0.8490408413019241 0.33110679394562653 0.8490408413019241 0.34068690131192486 0.8425678605307968 0.34068690131192486
0 0.9345766586346776 0.330797758224133 0.9408184615211218 0.330797758224133 0.9408184615211218 0.34223207991939236 0.9345766586346776 0.34223207991939236
0 0.7748327403186434 0.3808615451060791 0.7813057210897708 0.3808615451060791 0.7813057210897708 0.3901326167508839 0.7748327403186434 0.3901326167508839
0 0.8051170432121317 0.3728266163472483 0.8148265143688227 0.3728266163472483 0.8148265143688227 0.3802434736630921 0.8051170432121317 0.3802434736630921
0 0.8437237499542124 0.36540975903140427 0.8504279086100228 0.36540975903140427 0.8504279086100228 0.37715311644815713 0.8437237499542124 0.37715311644815713
0 0.9350390144040438 0.3759169735621832 0.9433614182526362 0.3759169735621832 0.9433614182526362 0.38364286659952046 0.9350390144040438 0.38364286659952046
