0 0.4425647874625994 0.1494877913186585 0.4511107239429955 0.1494877913186585 0.4511107239429955 0.15909442222325818 0.4425647874625994 0.15909442222325818
0 0.4425647874625994 0.1995980552264355 0.45091649811389556 0.1995980552264355 0.45091649811389556 0.20972396347722977 0.4425647874625994 0.20972396347722977
0 0.4817984049407814 0.14741068193388018 0.48917898644657803 0.14741068193388018 0.48917898644657803 0.15623839681918802 0.4817984049407814 0.15623839681918802
0 0.4812157274534817 0.20011733257263004 0.4884020831301784 0.20011733257263004 0.4884020831301784 0.20998360215032702 0.4812157274534817 0.20998360215032702
0 0.5021921169962721 0.1484492366262693 0.5089900210147689 0.1484492366262693 0.5089900210147689 0.15753659018467447 0.5021921169962721 0.15753659018467447
0 0.5099611501602686 0.2008962485919219 0.5183128608115647 0.2008962485919219 0.5183128608115647 0.2102432408234243 0.5099611501602686 0.2102432408234243
0 0.5422026377908536 0.1518245393765341 0.5491947676384503 0.1518245393765341 0.5491947676384503 0.1590944222232582 0.5422026377908536 0.1590944222232582
0 0.5464756060310518 0.20219444195740838 0.5540504133659483 0.20219444195740838 0.5540504133659483 0.21102215684271622 0.5464756060310518 0.21102215684271622
0 0.574249899592339 0.14974742999175578 0.5791055453198368 0.14974742999175578 0.5791055453198368 0.15779622885777178 0.574249899592339 0.15779622885777178
0 0.5808535777817359 0.2011558872650192 0.5882341592875325 0.2011558872650192 0.5882341592875325 0.20894504745793788 0.5808535777817359 0.20894504745793788
0 0.4427590132916993 0.30922965965887245 0.450139594797496 0.30922965965887245 0.450139594797496 0.3201344839289586 0.4427590132916993 0.3201344839289586
0 0.4431474649498992 0.35492606612399547 0.44975114313929626 0.35492606612399547 0.44975114313929626 0.3666098064133735 0.4431474649498992 0.3666098064133735
0 0.4775254367005834 0.30092122211975914 0.48626559901007926 0.30092122211975914 0.48626559901007926 0.3081911049664832 0.4775254367005834 0.3081911049664832
0 0.4683968227328876 0.351810402046828 0.4759716300677841 0.351810402046828 0.4759716300677841 0.3621959489707196 0.4683968227328876 0.3621959489707196
0 0.5016094395089723 0.35155076337373076 0.5087957951856691 0.35155076337373076 0.5087957951856691 0.3619363102976223 0.5016094395089723 0.3619363102976223
0 0.5192839899570643 0.31026821435126156 0.5268587972919607 0.31026821435126156 0.5268587972919607 0.3211730386213478 0.5192839899570643 0.3211730386213478
0 0.5272472489501605 0.353627872758509 0.5340451529686575 0.353627872758509 0.5340451529686575 0.36375378100930333 0.5272472489501605 0.36375378100930333
0 0.5526908325622488 0.36011883958594126 0.5594887365807457 0.36011883958594126 0.5594887365807457 0.3694658318174437 0.5526908325622488 0.3694658318174437
0 0.5433679927654536 0.30585435690860774 0.5493889934675505 0.30585435690860774 0.5493889934675505 0.31701881985179126 0.5433679927654536 0.31701881985179126
0 0.565315511453743 0.29494953263852147 0.5705596088394407 0.29494953263852147 0.5705596088394407 0.30637363425480224 0.565315511453743 0.30637363425480224
0 0.45013959479749593 0.4621568381131763 0.45771440213239245 0.4621568381131763 0.45771440213239245 0.4733213010563597 0.45013959479749593 0.4733213010563597
0 0.4744178234349848 0.46267611545937093 0.4833522115735806 0.46267611545937093 0.4833522115735806 0.4725423850370679 0.4744178234349848 0.4725423850370679
0 0.5034557589162851 0.46650242092353544 0.5098233839397089 0.46650242092353544 0.5098233839397089 0.4771426233590503 0.5034557589162851 0.4771426233590503
0 0.5409982147835585 0.4650837272654668 0.5485597694988747 0.4650837272654668 0.5485597694988747 0.47607860311549877 0.5409982147835585 0.47607860311549877
0 0.5790713060694503 0.4652610639727254 0.5867655196394215 0.4652610639727254 0.5867655196394215 0.4767879499445332 0.5790713060694503 0.4767879499445332
0 0.451586146746307 0.5212994634664373 0.4599436545895516 0.5212994634664373 0.4599436545895516 0.5310529823656593 0.451586146746307 0.5310529823656593
0 0.48329161300877455 0.5257328811479018 0.4891286026135802 0.5257328811479018 0.4891286026135802 0.5361957468761582 0.48329161300877455 0.5361957468761582
0 0.5151297381258966 0.5211221267591788 0.5220279985679397 0.5211221267591788 0.5220279985679397 0.531230319072918 0.5151297381258966 0.531230319072918
0 0.5518762408652418 0.5152700154196456 0.5606317252724504 0.5152700154196456 0.5606317252724504 0.5232501672462817 0.5518762408652418 0.5232501672462817
0 0.5762854701217022 0.5131419749325425 0.5842450014009827 0.5131419749325425 0.5842450014009827 0.5228954938317645 0.5762854701217022 0.5228954938317645
