0 0.15535969626753673 0.1611580389230755 0.16210733451351295 0.1611580389230755 0.16210733451351295 0.16867483800538063 0.15535969626753673 0.16867483800538063
0 0.1889372294439422 0.1628761644276024 0.19456026131558907 0.1628761644276024 0.19456026131558907 0.17297015176669783 0.1889372294439422 0.17297015176669783
0 0.21721304685565207 0.16824530662924894 0.22380002704815274 0.16824530662924894 0.22380002704815274 0.17790976259221264 0.21721304685565207 0.17790976259221264
0 0.2421150451443739 0.1611580389230755 0.24966597365772825 0.1611580389230755 0.24966597365772825 0.1714667919502368 0.2421150451443739 0.1714667919502368
0 0.2729613914116938 0.1607285075469438 0.27938771355071873 0.1607285075469438 0.27938771355071873 0.16846007231731475 0.2729613914116938 0.16846007231731475
0 0.15503838016058547 0.21441992956340897 0.1598581217648542 0.21441992956340897 0.1598581217648542 0.22258102570991165 0.15503838016058547 0.22258102570991165
0 0.1767272173797948 0.21592328937986996 0.18267156535839288 0.21592328937986996 0.18267156535839288 0.22601727671896546 0.1767272173797948 0.22601727671896546
0 0.20628829921930966 0.21527899231567235 0.21399988578613965 0.21527899231567235 0.21399988578613965 0.22301055708604337 0.20628829921930966 0.22301055708604337
0 0.23536740689839766 0.21334610112307964 0.24131175487699574 0.21334610112307964 0.24131175487699574 0.22043336882925302 0.23536740689839766 0.22043336882925302
0 0.2658924370587663 0.2114132099304869 0.2723187591977913 0.2114132099304869 0.2723187591977913 0.22107766589345063 0.2658924370587663 0.22107766589345063
0 0.14545001542360844 0.3137588223705997 0.1508539681314249 0.3137588223705997 0.1508539681314249 0.3229351744970501 0.14545001542360844 0.3229351744970501
0 0.17845794277405488 0.3098539916784932 0.18473821213719294 0.3098539916784932 0.18473821213719294 0.31863986073573297 0.17845794277405488 0.31863986073573297
0 0.2029948091230594 0.30653488559020264 0.20971323681385823 0.30653488559020264 0.20971323681385823 0.3135635808359944 0.2029948091230594 0.3135635808359944
0 0.23322773373165412 0.3073158517286239 0.23848563366358363 0.3073158517286239 0.23848563366358363 0.31785889459731154 0.23322773373165412 0.31785889459731154
0 0.2570343362012239 0.30751109326322923 0.2649211860991182 0.30751109326322923 0.2649211860991182 0.3149302715782317 0.2570343362012239 0.3149302715782317
0 0.1406302738193397 0.3719407996829874 0.14545001542360844 0.3719407996829874 0.14545001542360844 0.38092191027483246 0.1406302738193397 0.38092191027483246
0 0.17320004284212537 0.36764548592167023 0.17977241775703734 0.36764548592167023 0.17977241775703734 0.37623611344430474 0.17320004284212537 0.37623611344430474
0 0.19802901474290371 0.36764548592167023 0.20474744243370252 0.36764548592167023 0.20474744243370252 0.375259905771278 0.19802901474290371 0.375259905771278
0 0.22490272550609905 0.3612025152796944 0.23220536430044558 0.3612025152796944 0.23220536430044558 0.3705741089407501 0.22490272550609905 0.3705741089407501
0 0.25109054782537027 0.3572177789891062 0.2574414731398991 0.3572177789891062 0.2574414731398991 0.36633649386212574 0.25109054782537027 0.36633649386212574
0 0.15794364321228024 0.46790011124093006 0.16594110471946472 0.46790011124093006 0.16594110471946472 0.47670438767005235 0.15794364321228024 0.47670438767005235
0 0.17958383317289708 0.4726166878993883 0.18664041685570695 0.4726166878993883 0.18664041685570695 0.4792198952212301 0.17958383317289708 0.4792198952212301
0 0.20475231497491891 0.46381241147026603 0.21086802083335413 0.46381241147026603 0.21086802083335413 0.4723022494554911 0.20475231497491891 0.4723022494554911
0 0.2221585547258499 0.4590958348118076 0.22921513840865976 0.4590958348118076 0.22921513840865976 0.47198781101159387 0.2221585547258499 0.47198781101159387
0 0.2515609867375576 0.4496626814948908 0.25791191205208647 0.4496626814948908 0.25791191205208647 0.4606680270312937 0.2515609867375576 0.4606680270312937
0 0.16829329928040132 0.5251279080302251 0.17440900513883653 0.5251279080302251 0.17440900513883653 0.5339321844593476 0.16829329928040132 0.5339321844593476
0 0.18569953903133232 0.5232412773668419 0.19369700053851682 0.5232412773668419 0.19369700053851682 0.531731115352067 0.18569953903133232 0.531731115352067
0 0.21016236246507314 0.5185247007083835 0.2169837266917893 0.5185247007083835 0.2169837266917893 0.5270145386936086 0.21016236246507314 0.5270145386936086
0 0.2348604053549076 0.5219835235912529 0.24285786686209215 0.5219835235912529 0.24285786686209215 0.5326744306837586 0.2348604053549076 0.5326744306837586
0 0.25320752293021326 0.519153577596178 0.2609697649813041 0.519153577596178 0.2609697649813041 0.5285867309130946 0.25320752293021326 0.5285867309130946
0 0.14358650855955518 0.6217878448831281 0.15213994332659736 0.6217878448831281 0.15213994332659736 0.6329621036331948 0.14358650855955518 0.6329621036331948
0 0.1684692278818599 0.6272450410168816 0.17449551146773057 0.6272450410168816 0.17449551146773057 0.6384192997669483 0.1684692278818599 0.6384192997669483
0 0.1865480786394719 0.6223075778482474 0.19257436222534258 0.6223075778482474 0.19257436222534258 0.6319226377029562 0.1865480786394719 0.6319226377029562
0 0.225038535091162 0.6264654415692026 0.23398076234761528 0.6264654415692026 0.23398076234761528 0.634521302528553 0.225038535091162 0.634521302528553
0 0.2541979717969878 0.6267253080517622 0.2606130478722696 0.6267253080517622 0.2606130478722696 0.6363403679064709 0.2541979717969878 0.6363403679064709
0 0.14864081092189832 0.6672644793310742 0.15563907573129648 0.6672644793310742 0.15563907573129648 0.6755802067729845 0.14864081092189832 0.6755802067729845
0 0.1789666250959572 0.6703828771217906 0.18499290868182786 0.6703828771217906 0.18499290868182786 0.6781788715985813 0.1789666250959572 0.6781788715985813
0 0.20948683551472155 0.6680440787787532 0.21512432661118122 0.6680440787787532 0.21512432661118122 0.6794782040113796 0.20948683551472155 0.6794782040113796
0 0.23087042243232717 0.6748006073253052 0.24020144217819145 0.6748006073253052 0.24020144217819145 0.682596601802096 0.23087042243232717 0.682596601802096
0 0.25944667040403646 0.6714223430520292 0.26605614272402367 0.6714223430520292 0.26605614272402367 0.6815571358718572 0.25944667040403646 0.6815571358718572
0 0.15836062315717359 0.775888669041025 0.16458130298774978 0.775888669041025 0.16458130298774978 0.7855037288957337 0.15836062315717359 0.7855037288957337
0 0.17818904011713518 0.7735498706979879 0.18460411619241687 0.7735498706979879 0.18460411619241687 0.7834247970352562 0.17818904011713518 0.7834247970352562
0 0.20968123175942704 0.7693920069770328 0.21745708154764723 0.7693920069770328 0.21745708154764723 0.7790070668317416 0.20968123175942704 0.7790070668317416
0 0.23767429099701987 0.7732900042154282 0.24311738584877407 0.7732900042154282 0.24311738584877407 0.7842043964829352 0.23767429099701987 0.7842043964829352
0 0.2736375962675384 0.7683525410467941 0.28199663478987513 0.7683525410467941 0.28199663478987513 0.7792669333143011 0.2736375962675384 0.7792669333143011
0 0.15575073307846207 0.8281003554667165 0.16201639716401142 0.8281003554667165 0.16201639716401142 0.8366909829893509 0.15575073307846207 0.8366909829893509
0 0.17808220251157386 0.8315366064757703 0.1856331310249282 0.8315366064757703 0.1856331310249282 0.8388386398700095 0.17808220251157386 0.8388386398700095
0 0.20764328435108875 0.8220869162008725 0.2137482903831625 0.8220869162008725 0.2137482903831625 0.8326104349160995 0.20764328435108875 0.8326104349160995
0 0.23447317928151803 0.8192949622560162 0.24250608195529924 0.8192949622560162 0.24250608195529924 0.8265969956502555 0.23447317928151803 0.8265969956502555
0 0.26981795104615536 0.8244493387695969 0.2783328278803635 0.8244493387695969 0.2783328278803635 0.8323956692280337 0.26981795104615536 0.8323956692280337
0 0.12940281230845965 0.9166709130304461 0.13598979250096027 0.9166709130304461 0.13598979250096027 0.9248320091769489 0.12940281230845965 0.9248320091769489
0 0.16169508105706018 0.910872239452668 0.16683613876828018 0.910872239452668 0.16683613876828018 0.918603804223039 0.16169508105706018 0.918603804223039
0 0.1803314152602326 0.9125903649571946 0.1862757632388307 0.9125903649571946 0.1862757632388307 0.9220400552320923 0.1803314152602326 0.9220400552320923
0 0.20202025247944191 0.918389038534973 0.20941052293932058 0.918389038534973 0.20941052293932058 0.927623963121805 0.20202025247944191 0.927623963121805
0 0.23736502424407926 0.921395758167895 0.24363068832962861 0.921395758167895 0.24363068832962861 0.9306306827547272 0.23736502424407926 0.9306306827547272
0 0.14578993376297336 0.9652079585333307 0.15285888811590082 0.9652079585333307 0.15285888811590082 0.9748724144962945 0.14578993376297336 0.9748724144962945
0 0.16892469346346325 0.9654227242213963 0.17583298976291512 0.9654227242213963 0.17583298976291512 0.9742281174320967 0.16892469346346325 0.9742281174320967
0 0.19816445919602693 0.9667113183497917 0.20266288469334443 0.9667113183497917 0.20266288469334443 0.9757314772485578 0.19816445919602693 0.9757314772485578
0 0.21503355481096748 0.967785146790121 0.2224238252708462 0.967785146790121 0.2224238252708462 0.9770200713769532 0.21503355481096748 0.9770200713769532
0 0.2389716047788355 0.9720804605514383 0.24555858497133615 0.9720804605514383 0.24555858497133615 0.9826039792666653 0.2389716047788355 0.9826039792666653
0 0.2619457064258498 0.9755167115604919 0.2691753188322528 0.9755167115604919 0.2691753188322528 0.9838925733950605 0.2619457064258498 0.9838925733950605
0 0.28267059532420535 0.9800267910098751 0.28893625940975476 0.9800267910098751 0.28893625940975476 0.989476481284773 0.28267059532420535 0.989476481284773
