0 0.12438313200827666 0.16833402968546093 0.13627633984970552 0.16833402968546093 0.13627633984970552 0.17893315791720063 0.12438313200827666 0.17893315791720063
0 0.1671691184823926 0.1768761426569743 0.17349846149842976 0.1768761426569743 0.17349846149842976 0.18732795017324655 0.1671691184823926 0.18732795017324655
0 0.20328360510331037 0.1723967965785719 0.21184683388971356 0.1723967965785719 0.21184683388971356 0.18284860409484416 0.20328360510331037 0.18284860409484416
0 0.2539183492316075 0.17090368121910443 0.2609923208377666 0.17090368121910443 0.2609923208377666 0.18036007849573168 0.2539183492316075 0.18036007849573168
0 0.29971300752411145 0.17488532217768438 0.3075316077203926 0.17488532217768438 0.3075316077203926 0.18284860409484419 0.29971300752411145 0.18284860409484419
0 0.12249140307507166 0.22515353927975554 0.13217157474665786 0.22515353927975554 0.13217157474665786 0.2346099365563828 0.12249140307507166 0.2346099365563828
0 0.15078728949970827 0.22515353927975554 0.15786126110586737 0.22515353927975554 0.15786126110586737 0.2351076416762053 0.15078728949970827 0.2351076416762053
0 0.19881583356257831 0.2256512443995781 0.21147451959465252 0.2256512443995781 0.21147451959465252 0.23411223143656032 0.19881583356257831 0.23411223143656032
0 0.24721669192050935 0.22166960344099818 0.25689686359209557 0.22166960344099818 0.25689686359209557 0.23460993655638285 0.24721669192050935 0.23460993655638285
0 0.28668200719697623 0.2236604239202881 0.2967344931636233 0.2236604239202881 0.2967344931636233 0.23311682119691535 0.28668200719697623 0.23311682119691535
0 0.138500917762695 0.3157358710874483 0.14594720366391517 0.3157358710874483 0.14594720366391517 0.32519226836407555 0.138500917762695 0.32519226836407555
0 0.16903068995769766 0.3172289864469157 0.17684929015397882 0.3172289864469157 0.17684929015397882 0.32469456324425305 0.16903068995769766 0.32469456324425305
0 0.20924063382428654 0.3172289864469157 0.21743154831562872 0.3172289864469157 0.21743154831562872 0.32618767860372055 0.20924063382428654 0.32618767860372055
0 0.2535460349365465 0.3177266915667382 0.26583240667355973 0.3177266915667382 0.26583240667355973 0.3271830888433655 0.2535460349365465 0.3271830888433655
0 0.3004576361142335 0.32519226836407555 0.3105101220808807 0.32519226836407555 0.3105101220808807 0.33464866564070284 0.3004576361142335 0.33464866564070284
0 0.14408563218861012 0.3694880240282769 0.15339348956513532 0.3694880240282769 0.15339348956513532 0.3809352417841942 0.14408563218861012 0.3809352417841942
0 0.1761046615638568 0.36849261378863196 0.18392326176013798 0.36849261378863196 0.18392326176013798 0.37993983154454913 0.1761046615638568 0.37993983154454913
0 0.20030509074282232 0.364510972830052 0.20849600523416453 0.364510972830052 0.20849600523416453 0.3754604854661467 0.20030509074282232 0.3754604854661467
0 0.2487059491007534 0.366501793309342 0.25764149218221766 0.366501793309342 0.25764149218221766 0.3774513059454367 0.2487059491007534 0.3774513059454367
0 0.30715929342533166 0.3615247421111172 0.3175840936870399 0.3615247421111172 0.3175840936870399 0.37048343426792196 0.30715929342533166 0.37048343426792196
0 0.44417095400778256 0.16075875370266346 0.4519895542040638 0.16075875370266346 0.4519895542040638 0.16872203561982324 0.44417095400778256 0.16872203561982324
0 0.43672466810656246 0.20206827864792987 0.4445432683028436 0.20206827864792987 0.4445432683028436 0.21749713736242698 0.43672466810656246 0.21749713736242698
0 0.4739560976126632 0.21699943224260454 0.4828916406941274 0.21699943224260454 0.4828916406941274 0.22794894487869927 0.4739560976126632 0.22794894487869927
0 0.5208676987903502 0.22048336808136193 0.5301755561668754 0.22048336808136193 0.5301755561668754 0.22993976535798916 0.5208676987903502 0.22993976535798916
0 0.5621945855421221 0.16324727930177588 0.5718747572137083 0.16324727930177588 0.5718747572137083 0.1741967919378706 0.5621945855421221 0.1741967919378706
0 0.557354499706329 0.21351549640384712 0.5677792999680372 0.21351549640384712 0.5677792999680372 0.22346959880029688 0.557354499706329 0.22346959880029688
0 0.600542957933406 0.20853844520562223 0.6120847010802972 0.20853844520562223 0.6120847010802972 0.2219764834408294 0.600542957933406 0.2219764834408294
0 0.5134214128891301 0.16573580490088832 0.5219846416755333 0.16573580490088832 0.5219846416755333 0.17718302265680552 0.5134214128891301 0.17718302265680552
0 0.6146909011457242 0.16324727930177588 0.6273495871777983 0.16324727930177588 0.6273495871777983 0.17618761241716055 0.6146909011457242 0.17618761241716055
0 0.7710557490524949 0.16766495971583237 0.7809667555870189 0.16766495971583237 0.7809667555870189 0.1789265334620558 0.7710557490524949 0.1789265334620558
0 0.8131775268242221 0.17097718728825095 0.8255662849923769 0.17097718728825095 0.8255662849923769 0.18223876103447442 0.8131775268242221 0.18223876103447442
0 0.8587681568830327 0.17826408794757204 0.8726435660313663 0.17826408794757204 0.8726435660313663 0.1921754437517304 0.8587681568830327 0.1921754437517304
0 0.8989077333478551 0.17296452383170224 0.908818739882379 0.17296452383170224 0.908818739882379 0.18290120654895817 0.8989077333478551 0.18290120654895817
0 0.9375606588324987 0.18091387000550696 0.9484627660204752 0.18091387000550696 0.9484627660204752 0.19151299823724663 0.9375606588324987 0.19151299823724663
0 0.7695690980723162 0.2206606008745308 0.7799756549335666 0.2206606008745308 0.7799756549335666 0.23125972910627055 0.7695690980723162 0.23125972910627055
0 0.8111953255173172 0.22728505601936813 0.8220974327052938 0.22728505601936813 0.8220974327052938 0.2365592932221404 0.8111953255173172 0.2365592932221404
0 0.9331007058919628 0.2332470656497217 0.941029511119582 0.2332470656497217 0.941029511119582 0.24318374836697768 0.9331007058919628 0.24318374836697768
