0 0.4536158229641505 0.3153514005458572 0.4595728516851268 0.3153514005458572 0.4595728516851268 0.326300913181952 0.4536158229641505 0.326300913181952
0 0.4699976519468349 0.3138582851863897 0.4796778236184211 0.3138582851863897 0.4796778236184211 0.3238123875828395 0.4699976519468349 0.3238123875828395
0 0.4934534525356785 0.31634681078550214 0.5005274241418376 0.31634681078550214 0.5005274241418376 0.3243100927026619 0.4934534525356785 0.3243100927026619
0 0.5098352815183628 0.31734222102514714 0.517281567419583 0.31734222102514714 0.517281567419583 0.326300913181952 0.5098352815183628 0.326300913181952
0 0.5280786819763522 0.3148536954260347 0.5388757965331215 0.3148536954260347 0.5388757965331215 0.32630091318195203 0.5280786819763522 0.32630091318195203
0 0.45622202302957765 0.37806224564349056 0.46515756611104186 0.37806224564349056 0.46515756611104186 0.3875186429201179 0.45622202302957765 0.3875186429201179
0 0.4837732808640922 0.3735828995650882 0.4908472524702514 0.3735828995650882 0.4908472524702514 0.38254159172189306 0.4837732808640922 0.38254159172189306
0 0.5064844528628137 0.3715920790857983 0.5131861101739118 0.3715920790857983 0.5131861101739118 0.3800530661227805 0.5064844528628137 0.3800530661227805
0 0.5288233105664742 0.36910355348668583 0.5336633964022675 0.36910355348668583 0.5336633964022675 0.3770668354038456 0.5288233105664742 0.3770668354038456
0 0.5500452253849517 0.36910355348668583 0.5571191969911108 0.36910355348668583 0.5571191969911108 0.3770668354038456 0.5500452253849517 0.3770668354038456
0 0.4609414455684604 0.4769877755229184 0.4670445417240947 0.4769877755229184 0.4670445417240947 0.4888856508004179 0.4609414455684604 0.4888856508004179
0 0.4843366474983919 0.48140698634027523 0.4942541787512977 0.48140698634027523 0.4942541787512977 0.4895655293877035 0.4843366474983919 0.4895655293877035
0 0.5115462845255949 0.4844664399830609 0.5184122677006835 0.4844664399830609 0.5184122677006835 0.4929649223241319 0.5115462845255949 0.4929649223241319
0 0.5428246523232207 0.47800759340384685 0.5496906354983093 0.47800759340384685 0.5496906354983093 0.4902454079749892 0.5428246523232207 0.4902454079749892
0 0.5664741499263037 0.4763078969356327 0.5748659071403008 0.4763078969356327 0.5748659071403008 0.48684601503856073 0.5664741499263037 0.48684601503856073
0 0.4853538301909977 0.5357972733231303 0.4927284047123891 0.5357972733231303 0.4927284047123891 0.5456555128387728 0.4853538301909977 0.5456555128387728
0 0.5072232580820206 0.5330777589739875 0.514597832603412 0.5330777589739875 0.514597832603412 0.5422561199023442 0.5072232580820206 0.5422561199023442
0 0.5313813470314065 0.5276387302757021 0.5395188085722521 0.5276387302757021 0.5395188085722521 0.5368170912040588 0.5313813470314065 0.5368170912040588
0 0.5514707052103693 0.5252591552202022 0.5593538710780636 0.5252591552202022 0.5593538710780636 0.5368170912040588 0.5514707052103693 0.5368170912040588
0 0.4543297580665232 0.6245214289639125 0.46145003691476316 0.6245214289639125 0.46145003691476316 0.6350595470668408 0.4543297580665232 0.6350595470668408
0 0.48026791672796904 0.6272409433130552 0.4868796042299061 0.6272409433130552 0.4868796042299061 0.6374391221223406 0.48026791672796904 0.6374391221223406
0 0.5062060753894149 0.6272409433130552 0.5125634672182006 0.6272409433130552 0.5125634672182006 0.6370991828286977 0.5062060753894149 0.6370991828286977
0 0.5296012773193464 0.6214619753211269 0.5357043734749806 0.6214619753211269 0.5357043734749806 0.6309802755431265 0.5296012773193464 0.6309802755431265
0 0.5529964792492778 0.6211220360274841 0.559608166751215 0.6211220360274841 0.559608166751215 0.6306403362494836 0.5529964792492778 0.6306403362494836
0 0.4543297580665232 0.6819711695895532 0.4611957412416117 0.6819711695895532 0.4611957412416117 0.6921693483988386 0.4543297580665232 0.6921693483988386
0 0.4815393950937261 0.6833309267641244 0.4901854479808747 0.6833309267641244 0.4901854479808747 0.6914894698115526 0.4815393950937261 0.6914894698115526
0 0.5051888926968091 0.6877501375814813 0.5112919888524433 0.6877501375814813 0.5112919888524433 0.6986281949780525 0.5051888926968091 0.6986281949780525
0 0.5296012773193464 0.6836708660577674 0.5374844431870407 0.6836708660577674 0.5374844431870407 0.6928492269861243 0.5296012773193464 0.6928492269861243
0 0.5532507749224294 0.6833309267641244 0.5613882364632752 0.6833309267641244 0.5613882364632752 0.6918294091051956 0.5532507749224294 0.6918294091051956
0 0.46424728931942894 0.7893919863806914 0.4713675681676689 0.7893919863806914 0.4713675681676689 0.7989102866026913 0.46424728931942894 0.7989102866026913
0 0.4927284047123891 0.7921115007298344 0.5001029792337804 0.7921115007298344 0.5001029792337804 0.8006099830709054 0.4927284047123891 0.8006099830709054
0 0.521718111451652 0.7904118042616202 0.5268040249146806 0.7904118042616202 0.5268040249146806 0.799590165189977 0.521718111451652 0.799590165189977
0 0.5458762004010378 0.7876922899124774 0.5522335922298236 0.7876922899124774 0.5522335922298236 0.7968706508408343 0.5458762004010378 0.7968706508408343
0 0.5679999239652123 0.7904118042616202 0.5746116114671495 0.7904118042616202 0.5746116114671495 0.7999301044836199 0.5679999239652123 0.7999301044836199
0 0.45890708018324894 0.8427624554826181 0.46704454172409465 0.8427624554826181 0.46704454172409465 0.8522807557046177 0.45890708018324894 0.8522807557046177
0 0.5151064239497148 0.8434423340699039 0.523498181163712 0.8434423340699039 0.523498181163712 0.8512609378236892 0.5151064239497148 0.8512609378236892
0 0.5412988782843121 0.8424225161889755 0.547147678766795 0.8424225161889755 0.547147678766795 0.851600877117332 0.5412988782843121 0.851600877117332
0 0.5616425321364265 0.8414026983080467 0.5682542196383636 0.8414026983080467 0.5682542196383636 0.8502411199427607 0.5616425321364265 0.8502411199427607
0 0.582749073007995 0.8390231232525468 0.5893607605099321 0.8390231232525468 0.5893607605099321 0.8492213020618323 0.582749073007995 0.8492213020618323
