0 0.12617132584290391 0.16976363731463467 0.13566208929126397 0.16976363731463467 0.13566208929126397 0.177599808659227 0.12617132584290391 0.177599808659227
0 0.16720492075198995 0.1772266576428178 0.17278772278043697 0.1772266576428178 0.17278772278043697 0.18692858406945587 0.16720492075198995 0.18692858406945587
0 0.20516797454543004 0.17312199646231705 0.21102991667529944 0.17312199646231705 0.21102991667529944 0.182450771872546 0.20516797454543004 0.182450771872546
0 0.25429663239576433 0.16976363731463467 0.260437714627056 0.16976363731463467 0.260437714627056 0.18095816780690938 0.25429663239576433 0.18095816780690938
0 0.3009130293332974 0.17349514747872624 0.3064958313617444 0.17349514747872624 0.3064958313617444 0.1817044698397277 0.3009130293332974 0.1817044698397277
0 0.2866768841607574 0.22275108164473495 0.29533022730485026 0.22275108164473495 0.29533022730485026 0.232453008071373 0.2866768841607574 0.232453008071373
0 0.24899297046873958 0.2242436857103716 0.2551340527000314 0.2242436857103716 0.2551340527000314 0.23282615908778218 0.24899297046873958 0.23282615908778218
0 0.19986431261840532 0.22536313875959904 0.20712195525538651 0.22536313875959904 0.20712195525538651 0.23431876315341882 0.19986431261840532 0.23431876315341882
0 0.15129393497091576 0.22610944079241732 0.15715587710078519 0.22610944079241732 0.15715587710078519 0.23357246112060048 0.15129393497091576 0.23357246112060048
0 0.12449648523436979 0.22610944079241732 0.13007928726281687 0.22610944079241732 0.13007928726281687 0.23431876315341882 0.12449648523436979 0.23431876315341882
0 0.13817435020406513 0.30782951338602266 0.1462694131453134 0.30782951338602266 0.1462694131453134 0.31827774184547913 0.13817435020406513 0.31827774184547913
0 0.1683214811576793 0.30894896643525016 0.17725396440319463 0.30894896643525016 0.17725396440319463 0.3175314398126608 0.1683214811576793 0.3175314398126608
0 0.21047163647245476 0.30932211745165933 0.21689185880516887 0.30932211745165933 0.21689185880516887 0.31827774184547913 0.21047163647245476 0.31827774184547913
0 0.25597147300429846 0.30894896643525016 0.2621125552355902 0.30894896643525016 0.2621125552355902 0.3175314398126608 0.25597147300429846 0.3175314398126608
0 0.3011921694347197 0.3160388357470242 0.30844981207170097 0.3160388357470242 0.30844981207170097 0.3261139131900714 0.3011921694347197 0.3261139131900714
0 0.30705411156458917 0.3529807863715307 0.3157074547086821 0.3529807863715307 0.3157074547086821 0.3623095617817596 0.30705411156458917 0.3623095617817596
0 0.24983039077300662 0.3582049006012589 0.25652975320714316 0.3582049006012589 0.25652975320714316 0.3682799780443061 0.24983039077300662 0.3682799780443061
0 0.20070173292267238 0.3574585985684406 0.20795937555965358 0.3574585985684406 0.20795937555965358 0.3671605249950786 0.20070173292267238 0.3671605249950786
0 0.17613740399750522 0.36305586381457794 0.18283676643164173 0.36305586381457794 0.18283676643164173 0.37126518617557935 0.17613740399750522 0.37126518617557935
0 0.14710683344958045 0.3649216188966237 0.1521313552751828 0.3649216188966237 0.1521313552751828 0.3723846392248069 0.14710683344958045 0.3723846392248069
0 0.14347801213108985 0.47873267890141663 0.1490608141595369 0.47873267890141663 0.1490608141595369 0.4869420012624181 0.14347801213108985 0.4869420012624181
0 0.17418342328754874 0.4820910380490991 0.1817202060259523 0.4820910380490991 0.1817202060259523 0.49253926650855545 0.17418342328754874 0.49253926650855545
0 0.20042259282125002 0.48246418906550825 0.2096342161681877 0.48246418906550825 0.2096342161681877 0.4910466624429188 0.20042259282125002 0.4910466624429188
0 0.22666176235495125 0.47500116873732506 0.23364026489051012 0.47500116873732506 0.23364026489051012 0.48544939719678143 0.22666176235495125 0.48544939719678143
0 0.2749529999010185 0.4768669238193708 0.28221064253799966 0.4768669238193708 0.28221064253799966 0.4869420012624181 0.2749529999010185 0.4869420012624181
0 0.29923818872476327 0.48470309516396315 0.3059375511588998 0.48470309516396315 0.3059375511588998 0.49477817260701035 0.29923818872476327 0.49477817260701035
0 0.13538294918984162 0.5264960090017887 0.14124489131971102 0.5264960090017887 0.14124489131971102 0.5317201232315169 0.13538294918984162 0.5317201232315169
0 0.15799329740505225 0.5268691600181978 0.16525094004203347 0.5268691600181978 0.16525094004203347 0.5358247844120176 0.15799329740505225 0.5358247844120176
0 0.1828367664316417 0.5246302539197429 0.19121096947431235 0.5246302539197429 0.19121096947431235 0.5347053313627901 0.1828367664316417 0.5347053313627901
0 0.2107507765738771 0.5253765559525613 0.2180084192108583 0.5253765559525613 0.2180084192108583 0.5339590293299717 0.2107507765738771 0.5339590293299717
0 0.44553061824025764 0.1448980748026367 0.4516209477258363 0.1448980748026367 0.4516209477258363 0.1533787797210266 0.44553061824025764 0.1533787797210266
0 0.4833414137965583 0.14998649775367065 0.4881629246393081 0.14998649775367065 0.4881629246393081 0.15744951808185378 0.4833414137965583 0.15744951808185378
0 0.5150618798672804 0.15066495414714184 0.520898445624293 0.15066495414714184 0.520898445624293 0.15914565906553174 0.5150618798672804 0.15914565906553174
0 0.5635307520233436 0.14659421578631468 0.5696210815089221 0.14659421578631468 0.5696210815089221 0.15846720267206058 0.5635307520233436 0.15846720267206058
0 0.6168211350221565 0.14930804136019946 0.6257028655219588 0.14930804136019946 0.6257028655219588 0.15677106168838256 0.6168211350221565 0.15677106168838256
0 0.4386789975689817 0.19001542496847112 0.44400803586886306 0.19001542496847112 0.44400803586886306 0.19815690169012545 0.4386789975689817 0.19815690169012545
0 0.47775861176811124 0.20120995546074583 0.483595177525124 0.20120995546074583 0.483595177525124 0.21104757316607808 0.47775861176811124 0.21104757316607808
0 0.5231823191813851 0.2042630092313662 0.5297801761240953 0.2042630092313662 0.5297801761240953 0.21376139873996292 0.5231823191813851 0.21376139873996292
0 0.5594705323662912 0.19679998890318304 0.5673372079518303 0.19679998890318304 0.5673372079518303 0.20426300923136617 0.5594705323662912 0.20426300923136617
0 0.6026103662224731 0.1927292505423559 0.6114920967222754 0.1927292505423559 0.6114920967222754 0.20154918365748142 0.6026103662224731 0.20154918365748142
0 0.4516209477258363 0.29076619939894344 0.4577112772114148 0.29076619939894344 0.4577112772114148 0.29958613251406896 0.4516209477258363 0.29958613251406896
0 0.488162924639308 0.2812678098903468 0.496029600224847 0.2812678098903468 0.496029600224847 0.28940928661200105 0.488162924639308 0.28940928661200105
0 0.5389156703524632 0.2877131456283231 0.5450059998380419 0.2877131456283231 0.5450059998380419 0.2965330787434486 0.5389156703524632 0.2965330787434486
0 0.592459817079842 0.28873083021852985 0.5985501465654206 0.28873083021852985 0.5985501465654206 0.2972115351369199 0.592459817079842 0.2972115351369199
0 0.636614705850287 0.28601700464464513 0.6419437441501683 0.28601700464464513 0.6419437441501683 0.29585462234997734 0.636614705850287 0.29585462234997734
0 0.4381714701118501 0.34504271087663896 0.4460381456973892 0.34504271087663896 0.4460381456973892 0.35420187218850013 0.4381714701118501 0.35420187218850013
0 0.4795349578680716 0.34538193907337467 0.4879091609107422 0.34538193907337467 0.4879091609107422 0.35454110038523573 0.4795349578680716 0.35454110038523573
0 0.5429758900095156 0.34572116727011026 0.5483049283093969 0.34572116727011026 0.5483049283093969 0.35352341579502894 0.5429758900095156 0.35352341579502894
0 0.5899221797941843 0.34470348267990336 0.5972813279225917 0.34470348267990336 0.5972813279225917 0.3511488184178798 0.5899221797941843 0.3511488184178798
0 0.6315394312789715 0.34402502628643217 0.6381372882216817 0.34402502628643217 0.6381372882216817 0.35318418759829334 0.6315394312789715 0.35318418759829334
0 0.6112383329937096 0.4790378485871999 0.6185974811221169 0.4790378485871999 0.6185974811221169 0.4895539226860035 0.6112383329937096 0.4895539226860035
0 0.44400803586886295 0.5363674138355159 0.4516209477258363 0.5363674138355159 0.4516209477258363 0.5455265751473769 0.44400803586886295 0.5455265751473769
0 0.4879091609107423 0.5238159705562987 0.4952683090391498 0.5238159705562987 0.4952683090391498 0.5333143600648954 0.4879091609107423 0.5333143600648954
0 0.5282575937527006 0.5275474807203903 0.5356167418811081 0.5275474807203903 0.5356167418811081 0.5394204676061363 0.5282575937527006 0.5394204676061363
0 0.5713974276088827 0.5251728833432411 0.5785028120087243 0.5251728833432411 0.5785028120087243 0.5333143600648954 0.5713974276088827 0.5333143600648954
0 0.6130146790936699 0.5350105010485735 0.6185974811221169 0.5350105010485735 0.6185974811221169 0.5428127495734922 0.6130146790936699 0.5428127495734922
0 0.7724515326496967 0.1696393302171426 0.778952917431134 0.1696393302171426 0.778952917431134 0.17833030054673227 0.7724515326496967 0.17833030054673227
0 0.8146056726841769 0.17356428455953793 0.8219459458245092 0.17356428455953793 0.8219459458245092 0.18113383936272895 0.8146056726841769 0.18113383936272895
0 0.8626320312309229 0.1822552548891276 0.8691334160123602 0.1822552548891276 0.8691334160123602 0.1898248096923186 0.8626320312309229 0.1898248096923186
0 0.899962563201756 0.17440534620433695 0.9073028363420886 0.17440534620433695 0.9073028363420886 0.18225525488912764 0.899962563201756 0.18225525488912764
0 0.939600038159551 0.18337667041552627 0.9469403112998832 0.18337667041552627 0.9469403112998832 0.1915069329819166 0.939600038159551 0.1915069329819166
0 0.7709834780216301 0.22206550607628034 0.7785334732516864 0.22206550607628034 0.7785334732516864 0.23047612252427035 0.7709834780216301 0.23047612252427035
0 0.8125084517869391 0.228233291471473 0.8211070574656141 0.228233291471473 0.8211070574656141 0.23524213851146467 0.8125084517869391 0.23524213851146467
0 0.8527750930139052 0.22767258370827367 0.8584375894364471 0.22767258370827367 0.8584375894364471 0.23636355403786335 0.8527750930139052 0.23636355403786335
0 0.8945097888689378 0.24421346272265404 0.9022695061887179 0.24421346272265404 0.9022695061887179 0.25178301752584503 0.8945097888689378 0.25178301752584503
0 0.9330986533781136 0.233279661340267 0.9383417056212082 0.233279661340267 0.9383417056212082 0.24309204719625538 0.9330986533781136 0.24309204719625538
0 0.7688862571243925 0.3274785655577551 0.7755973639955535 0.3274785655577551 0.7755973639955535 0.3330856431897484 0.7688862571243925 0.3330856431897484
0 0.8062167890952255 0.3260767961497567 0.811669563428044 0.3260767961497567 0.811669563428044 0.33560882812414544 0.8062167890952255 0.33560882812414544
0 0.8427084327071637 0.32972139661055244 0.8483709291297058 0.32972139661055244 0.8483709291297058 0.3406551979929394 0.8427084327071637 0.3406551979929394
0 0.8886375703566719 0.3336463509529477 0.8938806225997665 0.3336463509529477 0.8938806225997665 0.34093555187453906 0.8886375703566719 0.34093555187453906
0 0.9347764300959039 0.3319642276633498 0.9423264253259601 0.3319642276633498 0.9423264253259601 0.3417766135193382 0.9347764300959039 0.3417766135193382
0 0.774129309367487 0.3815868647064909 0.7812598604180955 0.3815868647064909 0.7812598604180955 0.3899974811544809 0.774129309367487 0.3899974811544809
0 0.8055876228260543 0.37177447885050247 0.8135570622355579 0.37177447885050247 0.8135570622355579 0.3804654491800921 0.8055876228260543 0.3804654491800921
0 0.8445959315146777 0.3661674012185092 0.8492098174886008 0.3661674012185092 0.8492098174886008 0.3759797870744975 0.8445959315146777 0.3759797870744975
0 0.8829750739341299 0.37626014095609717 0.8867500715491581 0.37626014095609717 0.8867500715491581 0.38411004964088785 0.8829750739341299 0.38411004964088785
0 0.9356153184547991 0.37569943319289784 0.9429555915951314 0.37569943319289784 0.9429555915951314 0.3829886341144892 0.9356153184547991 0.3829886341144892
