0 0.15431845257397178 0.16020249530105013 0.1628541416257297 0.16020249530105013 0.1628541416257297 0.1685290055845603 0.15431845257397178 0.1685290055845603
0 0.1893839859757881 0.16297799872888685 0.19492064914449594 0.16297799872888685 0.19492064914449594 0.17346323390071441 0.1893839859757881 0.17346323390071441
0 0.21775938471541584 0.167912227045041 0.22329604788412366 0.167912227045041 0.22329604788412366 0.17685551586807036 0.21775938471541584 0.17685551586807036
0 0.2431357575719934 0.16205283091960795 0.24844172644200505 0.16205283091960795 0.24844172644200505 0.1706877304728777 0.2431357575719934 0.1706877304728777
0 0.2740487935972789 0.16020249530105013 0.2791240681685945 0.16020249530105013 0.2791240681685945 0.16822061631480062 0.2740487935972789 0.16822061631480062
0 0.15501053547006025 0.2138622282392264 0.1598551157426796 0.2138622282392264 0.1598551157426796 0.22280551706225582 0.15501053547006025 0.22280551706225582
0 0.17623441095010697 0.2163293423973035 0.1824631570149033 0.2163293423973035 0.1824631570149033 0.22588940975985214 0.17623441095010697 0.22588940975985214
0 0.2071474469753925 0.21447900677874565 0.21291480444279642 0.21447900677874565 0.21291480444279642 0.22188034925297692 0.2071474469753925 0.22188034925297692
0 0.23506145711762777 0.21355383896946678 0.24059812028633565 0.21355383896946678 0.24059812028633565 0.21910484582514017 0.23506145711762777 0.21910484582514017
0 0.26597449314291327 0.2129370604299475 0.2719725449090134 0.2129370604299475 0.2719725449090134 0.22033840290417875 0.26597449314291327 0.22033840290417875
0 0.1448599863274292 0.31408874091110744 0.15085803809352938 0.31408874091110744 0.15085803809352938 0.3236488082736561 0.1448599863274292 0.3236488082736561
0 0.1773878824435878 0.31007968040423217 0.18453940570316874 0.31007968040423217 0.18453940570316874 0.31902296922726153 0.1773878824435878 0.31902296922726153
0 0.2023028667027731 0.30730417697639545 0.21014647285844246 0.30730417697639545 0.21014647285844246 0.3131635731018285 0.2023028667027731 0.3131635731018285
0 0.23252381983197004 0.30730417697639545 0.2389832601954626 0.30730417697639545 0.2389832601954626 0.31748102287846336 0.23252381983197004 0.31748102287846336
0 0.25720810979245917 0.30761256624615513 0.2645903273507363 0.30761256624615513 0.2645903273507363 0.3140887409111074 0.25720810979245917 0.3140887409111074
0 0.1407074889508983 0.37206592362591856 0.1448599863274292 0.37206592362591856 0.1448599863274292 0.3807008231791883 0.1407074889508983 0.3807008231791883
0 0.1732353850670569 0.368365252388803 0.1790027425344609 0.368365252388803 0.1790027425344609 0.3748414270537553 0.1732353850670569 0.3748414270537553
0 0.19722759213145755 0.3677484738492837 0.20507119828712703 0.3677484738492837 0.20507119828712703 0.37607498413279383 0.19722759213145755 0.37607498413279383
0 0.22537229657238908 0.361580688454091 0.2313703483384892 0.361580688454091 0.2313703483384892 0.3699071987376012 0.22537229657238908 0.3699071987376012
0 0.2514407523250552 0.3584967957564948 0.25766949838985154 0.3584967957564948 0.25766949838985154 0.36713169530976447 0.2514407523250552 0.36713169530976447
0 0.15847094995050265 0.4685917650606839 0.1658531675087798 0.4685917650606839 0.1658531675087798 0.4763014968046747 0.15847094995050265 0.4763014968046747
0 0.17854135393706863 0.4722924362977995 0.18730773728752267 0.4722924362977995 0.18730773728752267 0.47938538950227105 0.17854135393706863 0.47938538950227105
0 0.20484050398843082 0.4636575367445297 0.210838555754531 0.4636575367445297 0.210838555754531 0.47321760410707836 0.20484050398843082 0.47321760410707836
0 0.22214257639064283 0.46088203331669303 0.22906340535152764 0.46088203331669303 0.22906340535152764 0.4704421006792417 0.22214257639064283 0.4704421006792417
0 0.2523635295198398 0.4494716303355865 0.2576694983898515 0.4494716303355865 0.2576694983898515 0.4596484762376544 0.2523635295198398 0.4596484762376544
0 0.16885219339182986 0.526568947775495 0.17415816226184153 0.526568947775495 0.17415816226184153 0.5327367331706877 0.16885219339182986 0.5327367331706877
0 0.18592357149534566 0.5237934443476583 0.19330578905362278 0.5237934443476583 0.19330578905362278 0.5308863975521299 0.18592357149534566 0.5308863975521299
0 0.21106925005322716 0.5200927731105427 0.21822077331280812 0.5200927731105427 0.21822077331280812 0.5265689477754951 0.21106925005322716 0.5265689477754951
0 0.2355228457150201 0.5237934443476583 0.24105950888372799 0.5237934443476583 0.24105950888372799 0.5324283439009281 0.2355228457150201 0.5324283439009281
0 0.25443977820810526 0.5188592160315042 0.2608992185715977 0.5188592160315042 0.2608992185715977 0.5296528404730912 0.25443977820810526 0.5296528404730912
0 0.1448599863274292 0.624328346289299 0.1510887323922255 0.624328346289299 0.1510887323922255 0.6317296887635302 0.1448599863274292 0.6317296887635302
0 0.16931358198922214 0.6280290175264145 0.17369677366444916 0.6280290175264145 0.17369677366444916 0.6375890848889633 0.16931358198922214 0.6375890848889633
0 0.186384960092738 0.6206276750521834 0.19307509475492662 0.6206276750521834 0.19307509475492662 0.6317296887635302 0.186384960092738 0.6317296887635302
0 0.2256029908710852 0.6255619033683375 0.23344659702675463 0.6255619033683375 0.23344659702675463 0.6345051921913669 0.2256029908710852 0.6345051921913669
0 0.2546704725068014 0.6274122389868954 0.26112991287029386 0.6274122389868954 0.26112991287029386 0.6363555278099248 0.2546704725068014 0.6363555278099248
0 0.2595150527794207 0.6730538509113211 0.26643588174030547 0.6730538509113211 0.26643588174030547 0.6801468041157928 0.2595150527794207 0.6801468041157928
0 0.23252381983197004 0.6755209650693982 0.2392139544941587 0.6755209650693982 0.2392139544941587 0.6826139182738696 0.23252381983197004 0.6826139182738696
0 0.20968508426105018 0.6693531796742055 0.21476035883236574 0.6693531796742055 0.21476035883236574 0.6789132470367543 0.20968508426105018 0.6789132470367543
0 0.17969482543054938 0.6708951260230036 0.1847701000018649 0.6708951260230036 0.1847701000018649 0.6792216363065137 0.17969482543054938 0.6792216363065137
0 0.14901248370396009 0.6687364011346861 0.15547192406745255 0.6687364011346861 0.15547192406745255 0.6752125757996383 0.14901248370396009 0.6752125757996383
0 0.1582402556518065 0.776055867011039 0.16446900171660278 0.776055867011039 0.16446900171660278 0.7856159343735877 0.1582402556518065 0.7856159343735877
0 0.17900274253446088 0.7738971421227215 0.18453940570316874 0.7738971421227215 0.18453940570316874 0.7837655987550298 0.17900274253446088 0.7837655987550298
0 0.21037716715713864 0.769271303076327 0.217990079014112 0.769271303076327 0.217990079014112 0.779448148978395 0.21037716715713864 0.779448148978395
0 0.23806048300067786 0.7745139206622408 0.24359714616938571 0.7745139206622408 0.24359714616938571 0.7840739880247896 0.23806048300067786 0.7840739880247896
0 0.27474087649336737 0.7686545245368076 0.2818923997529483 0.7686545245368076 0.2818923997529483 0.7797565382481544 0.27474087649336737 0.7797565382481544
0 0.1559333126648449 0.8287904321399363 0.16170067013224892 0.8287904321399363 0.16170067013224892 0.835883385344408 0.1559333126648449 0.835883385344408
0 0.17854135393706858 0.8334162711863307 0.18546218289795335 0.8334162711863307 0.18546218289795335 0.8383504995024847 0.17854135393706858 0.8383504995024847
0 0.20830091846887322 0.8232394252842629 0.2136068873388849 0.8232394252842629 0.2136068873388849 0.8321827141072923 0.20830091846887322 0.8321827141072923
0 0.23460006852023552 0.8186135862378685 0.24244367467590497 0.8186135862378685 0.24244367467590497 0.8266317072516187 0.23460006852023552 0.8266317072516187
0 0.2696656019220518 0.8244729823633014 0.2779705966751134 0.8244729823633014 0.2779705966751134 0.8315659355677729 0.2696656019220518 0.8315659355677729
0 0.12894207971739416 0.9170432864346584 0.1367856858730636 0.9170432864346584 0.1367856858730636 0.9241362396391298 0.12894207971739416 0.9241362396391298
0 0.1628541416257297 0.9099503332301867 0.16677594470356444 0.9099503332301867 0.16677594470356444 0.9192020113229759 0.1628541416257297 0.9192020113229759
0 0.180617602625334 0.9139593937370621 0.18661565439143415 0.9139593937370621 0.18661565439143415 0.9222859040205721 0.180617602625334 0.9222859040205721
0 0.20322564389755768 0.9188936220532162 0.20945438996235402 0.9188936220532162 0.20945438996235402 0.9278369108762456 0.20322564389755768 0.9278369108762456
0 0.2378297887019817 0.9222859040205723 0.24382784046808187 0.9222859040205723 0.24382784046808187 0.9309208035738419 0.2378297887019817 0.9309208035738419
0 0.14624415211960617 0.964535233977642 0.1536263696778833 0.964535233977642 0.1536263696778833 0.9756372476889889 0.14624415211960617 0.9756372476889889
0 0.1693135819892222 0.9663855695961999 0.1757730223527147 0.9663855695961999 0.1757730223527147 0.9744036906099502 0.1693135819892222 0.9744036906099502
0 0.1986117579236345 0.9673107374054787 0.20322564389755768 0.9673107374054787 0.20322564389755768 0.9759456369587485 0.1986117579236345 0.9759456369587485
0 0.21545244172845418 0.9676191266752384 0.22306535358542748 0.9676191266752384 0.22306535358542748 0.9768708047680273 0.21545244172845418 0.9768708047680273
0 0.23990603739024718 0.9716281871821137 0.24521200626025885 0.9716281871821137 0.24521200626025885 0.9814966438144219 0.23990603739024718 0.9814966438144219
0 0.2622833843637747 0.976254026228508 0.2687428247272672 0.976254026228508 0.2687428247272672 0.9839637579724989 0.2622833843637747 0.9839637579724989
0 0.2830458712464291 0.9814966438144218 0.28927461731122545 0.9814966438144218 0.28927461731122545 0.9892063755584126 0.2830458712464291 0.9892063755584126
