0 0.1388156317429873 0.3127147766323024 0.15295426090199526 0.3127147766323024 0.15295426090199526 0.34879725085910657 0.1388156317429873 0.34879725085910657
0 0.11953568288979462 0.15979381443298968 0.1388156317429873 0.15979381443298968 0.1388156317429873 0.18384879725085912 0.11953568288979462 0.18384879725085912
0 0.16709289006100325 0.17182130584192443 0.17609019952582647 0.17182130584192443 0.17609019952582647 0.19072164948453613 0.16709289006100325 0.19072164948453613
0 0.20051146807320386 0.16151202749140892 0.21465009723221185 0.16151202749140892 0.21465009723221185 0.19072164948453607 0.20051146807320386 0.19072164948453607
0 0.24935400516795864 0.16838487972508592 0.26092197447987425 0.16838487972508592 0.26092197447987425 0.17869415807560138 0.24935400516795864 0.17869415807560138
0 0.2956258824156211 0.17525773195876287 0.3123351714217214 0.17525773195876287 0.3123351714217214 0.18900343642611686 0.2956258824156211 0.18900343642611686
0 0.119394078001694 0.22180333859793522 0.13519623538427117 0.22180333859793522 0.13519623538427117 0.23940677816919992 0.119394078001694 0.23940677816919992
0 0.1492425975021175 0.2182826506836823 0.15977736909050225 0.2182826506836823 0.15977736909050225 0.23823321553111562 0.1492425975021175 0.23823321553111562
0 0.19928276254694513 0.21710908804559798 0.20718384123823375 0.21710908804559798 0.20718384123823375 0.24175390344536857 0.19928276254694513 0.24175390344536857
0 0.2396660536357534 0.21710908804559798 0.2572240062830614 0.21710908804559798 0.2572240062830614 0.23823321553111565 0.2396660536357534 0.23823321553111565
0 0.28795042341585025 0.2229769012360195 0.29585150210713884 0.2229769012360195 0.29585150210713884 0.23236540234069397 0.28795042341585025 0.23236540234069397
0 0.16680055014942544 0.3098205364542587 0.1799690146349064 0.3098205364542587 0.1799690146349064 0.329771101301692 0.16680055014942544 0.329771101301692
0 0.19840486491457976 0.31568834964468023 0.22298599862081087 0.31568834964468023 0.22298599862081087 0.32859753866360775 0.19840486491457976 0.32859753866360775
0 0.25459031338596516 0.31568834964468023 0.26424718734198455 0.31568834964468023 0.26424718734198455 0.32859753866360775 0.25459031338596516 0.32859753866360775
0 0.30287468316606203 0.3239032881112705 0.3098978642249852 0.3239032881112705 0.3098978642249852 0.33915960240636656 0.30287468316606203 0.33915960240636656
0 0.14134151881082893 0.3661515430823057 0.15538788092867528 0.3661515430823057 0.15538788092867528 0.3825814200154861 0.14134151881082893 0.3825814200154861
0 0.17294583357598328 0.3638044178061371 0.1852364004290988 0.3638044178061371 0.1852364004290988 0.3825814200154861 0.17294583357598328 0.3825814200154861
0 0.20016066017931056 0.3614572925299685 0.20981753413532991 0.3614572925299685 0.20981753413532991 0.38023429473931747 0.20016066017931056 0.38023429473931747
0 0.24756713232704197 0.3661515430823057 0.25985769918015755 0.3661515430823057 0.25985769918015755 0.3767136068250645 0.24756713232704197 0.3767136068250645
0 0.3063862736955236 0.35911016725379985 0.31692104528390835 0.35911016725379985 0.31692104528390835 0.3767136068250645 0.3063862736955236 0.3767136068250645
0 0.057063346103750814 0.483507806890737 0.06935391295686637 0.483507806890737 0.06935391295686637 0.5011112464620018 0.057063346103750814 0.5011112464620018
0 0.444216201976891 0.15725739350329798 0.45299517830054487 0.15725739350329798 0.45299517830054487 0.17134014516030974 0.444216201976891 0.17134014516030974
0 0.4336814303885062 0.20067921111241754 0.4477277925063526 0.20067921111241754 0.4477277925063526 0.2182826506836823 0.4336814303885062 0.2182826506836823
0 0.4740647214773145 0.213588400131345 0.48635528833043 0.213588400131345 0.48635528833043 0.232365402340694 0.4740647214773145 0.232365402340694
0 0.5179596030955843 0.213588400131345 0.5320059652134307 0.213588400131345 0.5320059652134307 0.232365402340694 0.5179596030955843 0.232365402340694
0 0.5583428941843925 0.20654702430283917 0.5662439728756811 0.20654702430283917 0.5662439728756811 0.22649758915027246 0.5583428941843925 0.22649758915027246
0 0.5952145947437393 0.20419989902667052 0.6136504450234126 0.20419989902667052 0.6136504450234126 0.22062977595985084 0.5952145947437393 0.22062977595985084
0 0.559220791816758 0.1596045187794666 0.5759008468317005 0.1596045187794666 0.5759008468317005 0.17955508362689995 0.559220791816758 0.17955508362689995
0 0.6118946497586818 0.15725739350329798 0.6268189095088935 0.15725739350329798 0.6268189095088935 0.1783815209888156 0.6118946497586818 0.1783815209888156
0 0.5056690362424687 0.16195164405563525 0.5258606817868728 0.16195164405563525 0.5258606817868728 0.1783815209888156 0.5056690362424687 0.1783815209888156
0 0.7658499928702358 0.16483934878590575 0.7810202750223052 0.16483934878590575 0.7810202750223052 0.18335536336124053 0.7658499928702358 0.18335536336124053
0 0.8126799942961886 0.16836620870501715 0.8232332340541498 0.16836620870501715 0.8232332340541498 0.18423707834101838 0.8126799942961886 0.18423707834101838
0 0.8614887281767593 0.17718335850279562 0.8707228129649752 0.17718335850279562 0.8707228129649752 0.19217251315901904 0.8614887281767593 0.19217251315901904
0 0.8997442222993685 0.16836620870501715 0.908318729602712 0.16836620870501715 0.908318729602712 0.1868822232803519 0.8997442222993685 0.1868822232803519
0 0.9379997164219779 0.1754199285432399 0.9472338012101941 0.1754199285432399 0.9472338012101941 0.19658108805790822 0.9379997164219779 0.19658108805790822
0 0.768488302809726 0.21686053259279864 0.7803606975374324 0.21686053259279864 0.7803606975374324 0.23890340708724478 0.768488302809726 0.23890340708724478
0 0.8107012618415709 0.22391425243102142 0.8252119665087676 0.22391425243102142 0.8252119665087676 0.24507541194568971 0.8107012618415709 0.24507541194568971
0 0.9305788646474333 0.23024054982817868 0.942146833959349 0.23024054982817868 0.942146833959349 0.24570446735395185 0.9305788646474333 0.24570446735395185
0 0.5922788771881159 0.41911540268153635 0.6031809843760924 0.41911540268153635 0.6031809843760924 0.43587527419797484 0.5922788771881159 0.43587527419797484
