0 0.12672960604574862 0.1679146372922177 0.13482466898699688 0.1679146372922177 0.13482466898699688 0.1772434127024466 0.12672960604574862 0.1772434127024466
0 0.16748406085341228 0.1772434127024466 0.17362514308470403 0.1772434127024466 0.17362514308470403 0.18731849014549384 0.16748406085341228 0.18731849014549384
0 0.20321399383547356 0.17313875152194588 0.21158819687814415 0.17313875152194588 0.21158819687814415 0.1835869799814023 0.20321399383547356 0.1835869799814023
0 0.25318007199007486 0.17015354339067262 0.2609959948299008 0.17015354339067262 0.2609959948299008 0.17985546981731068 0.25318007199007486 0.17985546981731068
0 0.30007560902903035 0.17313875152194588 0.30649583136174446 0.17313875152194588 0.30649583136174446 0.18284067794858397 0.30007560902903035 0.18284067794858397
0 0.12337992482868038 0.22687249788486444 0.13119584766850628 0.22687249788486444 0.13119584766850628 0.2347086692294568 0.12337992482868038 0.2347086692294568
0 0.1515730750723381 0.22500674280281865 0.15771415730362986 0.22500674280281865 0.15771415730362986 0.23470866922945677 0.1515730750723381 0.23470866922945677
0 0.19958517251698293 0.22537989381922785 0.20712195525538651 0.22537989381922785 0.20712195525538651 0.2347086692294568 0.19958517251698293 0.2347086692294568
0 0.24759726996162784 0.2238872897535912 0.2554131928014537 0.2238872897535912 0.2554131928014537 0.23284291414741096 0.24759726996162784 0.23284291414741096
0 0.287235164363602 0.22463359178640951 0.29533022730485026 0.22463359178640951 0.29533022730485026 0.23246976313100182 0.287235164363602 0.23246976313100182
0 0.13894832957619077 0.30852472483912274 0.14656124143316407 0.30852472483912274 0.14656124143316407 0.31802311434771946 0.13894832957619077 0.31802311434771946
0 0.16813115836125506 0.30920318123259394 0.17701288886105723 0.30920318123259394 0.17701288886105723 0.3170054297575128 0.16813115836125506 0.3170054297575128
0 0.2102559373031739 0.30954240942932953 0.21710755797444983 0.30954240942932953 0.21710755797444983 0.31836234254445506 0.2102559373031739 0.31836234254445506
0 0.25542588098788205 0.30750704024891595 0.2632925565734211 0.30750704024891595 0.2632925565734211 0.31836234254445506 0.25542588098788205 0.31836234254445506
0 0.3011033521297217 0.3153092887738347 0.30871626398669494 0.3153092887738347 0.30871626398669494 0.3254861346759026 0.3011033521297217 0.3254861346759026
0 0.1460537139760325 0.36381892090702517 0.15239780719017693 0.36381892090702517 0.15239780719017693 0.3722996258254151 0.1460537139760325 0.3722996258254151
0 0.17549030648966255 0.36347969271028946 0.1833569820752016 0.36347969271028946 0.1833569820752016 0.3716211694319438 0.17549030648966255 0.3716211694319438
0 0.20213549798906907 0.3577128133657843 0.20746453628895034 0.3577128133657843 0.20746453628895034 0.3675504310711167 0.20213549798906907 0.3675504310711167
0 0.2506043701451323 0.3587304979559911 0.25694846335927674 0.3587304979559911 0.25694846335927674 0.36890734385805907 0.2506043701451323 0.36890734385805907
0 0.3077012090724319 0.35364207500495715 0.31556788465797103 0.35364207500495715 0.31556788465797103 0.3621227799233471 0.3077012090724319 0.3621227799233471
0 0.1427547855046774 0.4788172796003926 0.14960640617595342 0.4788172796003926 0.14960640617595342 0.487637212715518 0.1427547855046774 0.487637212715518
0 0.174982779032531 0.4818703333710129 0.18158063597524118 0.4818703333710129 0.18158063597524118 0.49204717927308084 0.174982779032531 0.49204717927308084
0 0.20086667934624017 0.4828880179612197 0.20974840984604234 0.4828880179612197 0.20974840984604234 0.49204717927308084 0.20086667934624017 0.49204717927308084
0 0.2267505796599493 0.47406808484609414 0.2343634915169226 0.47406808484609414 0.2343634915169226 0.4856018435351045 0.2267505796599493 0.4856018435351045
0 0.2754732155445784 0.4781388232069213 0.28283236367298586 0.4781388232069213 0.28283236367298586 0.487637212715518 0.2754732155445784 0.487637212715518
0 0.2988194785726298 0.4832272461579553 0.3071936816153004 0.4832272461579553 0.3071936816153004 0.49476100484696567 0.2988194785726298 0.49476100484696567
0 0.1351418736477041 0.5259699989466405 0.1417397305904143 0.5259699989466405 0.1417397305904143 0.5330937910780881 0.1351418736477041 0.5330937910780881
0 0.15772684549005822 0.5276661399303185 0.16559352107559727 0.5276661399303185 0.16559352107559727 0.5358076166519729 0.15772684549005822 0.5358076166519729
0 0.1823419271609385 0.5259699989466405 0.19147742138930646 0.5259699989466405 0.19147742138930646 0.5337722474715593 0.1823419271609385 0.5337722474715593
0 0.21050970103173963 0.5263092271433761 0.21837637661727868 0.5263092271433761 0.21837637661727868 0.5330937910780881 0.21050970103173963 0.5330937910780881
0 0.44477811996775507 0.14475481157744025 0.45188350436759694 0.14475481157744025 0.45188350436759694 0.1539139728893014 0.44477811996775507 0.1539139728893014
0 0.48360397043831893 0.1501824627252098 0.48867924500963444 0.1501824627252098 0.48867924500963444 0.1576454830533929 0.48360397043831893 0.1576454830533929
0 0.5138018541376462 0.15052169092194542 0.5209072385374879 0.15052169092194542 0.5209072385374879 0.15934162403707097 0.5138018541376462 0.15934162403707097
0 0.5637933086651041 0.14645095256111823 0.5703911656078142 0.14645095256111823 0.5703911656078142 0.15730625485665733 0.5637933086651041 0.15730625485665733
0 0.6170836916639172 0.14780786534806065 0.6246966035208905 0.14780786534806065 0.6246966035208905 0.1566277984631862 0.6170836916639172 0.1566277984631862
0 0.4386877904821765 0.18885447715306788 0.4450318836963209 0.18885447715306788 0.4450318836963209 0.19970977944860704 0.4386877904821765 0.19970977944860704
0 0.4770061134956087 0.2017451486290206 0.4830964429811873 0.2017451486290206 0.4830964429811873 0.21090430994088175 0.4770061134956087 0.21090430994088175
0 0.5224298209088826 0.20411974600616975 0.5297889690372901 0.20411974600616975 0.5297889690372901 0.21226122272782408 0.5224298209088826 0.21226122272782408
0 0.559479325279486 0.1949605846943086 0.5670922371364592 0.1949605846943086 0.5670922371364592 0.20479820239964094 0.559479325279486 0.20479820239964094
0 0.6031266865927994 0.19258598731715945 0.6109933621783386 0.19258598731715945 0.6109933621783386 0.20208437682575614 0.6031266865927994 0.20208437682575614
0 0.4508684494533337 0.2896052515835402 0.45797383385317547 0.2896052515835402 0.45797383385317547 0.29910364109213694 0.4508684494533337 0.29910364109213694
0 0.4884254812810685 0.28112454666515035 0.4962921568666076 0.28112454666515035 0.4962921568666076 0.28892679519006903 0.4884254812810685 0.28892679519006903
0 0.538924463265658 0.2862129696161843 0.5445072652941052 0.2862129696161843 0.5445072652941052 0.2963898155182522 0.538924463265658 0.2963898155182522
0 0.5929761374501683 0.28824833879659784 0.5985589394786153 0.28824833879659784 0.5985589394786153 0.297407500108459 0.5929761374501683 0.297407500108459
0 0.6351009163920872 0.2862129696161843 0.6416987733347973 0.2862129696161843 0.6416987733347973 0.29537213092804543 0.6351009163920872 0.29537213092804543
0 0.4379264992964791 0.34523867584817824 0.4460469386105839 0.34523867584817824 0.4460469386105839 0.35439783716003936 0.4379264992964791 0.35439783716003936
0 0.4792899870527007 0.34523867584817824 0.48766419009537126 0.34523867584817824 0.48766419009537126 0.35439783716003936 0.4792899870527007 0.35439783716003936
0 0.5427309191941446 0.346256360438385 0.5483137212225917 0.346256360438385 0.5483137212225917 0.3530409243730969 0.5427309191941446 0.3530409243730969
0 0.5891696815216817 0.34388176306123575 0.5975438845643524 0.34388176306123575 0.5975438845643524 0.351344783389419 0.5891696815216817 0.351344783389419
0 0.6297718780922059 0.34320330666776466 0.6378923174063106 0.34320330666776466 0.6378923174063106 0.35473706535677496 0.6297718780922059 0.35473706535677496
0 0.6112471259069042 0.4792338135587391 0.6183525103067459 0.4792338135587391 0.6183525103067459 0.49042834405101376 0.6112471259069042 0.49042834405101376
0 0.44350930132492616 0.5358849224135839 0.45213726809616256 0.5358849224135839 0.45213726809616256 0.5447048555287094 0.44350930132492616 0.5447048555287094
0 0.48715666263823965 0.5226550227408955 0.49578462940947604 0.5226550227408955 0.49578462940947604 0.5335103250364346 0.48715666263823965 0.5335103250364346
0 0.5300427327658559 0.525708076511516 0.5361330622514344 0.525708076511516 0.5361330622514344 0.5399556607744108 0.5300427327658559 0.5399556607744108
0 0.5714062205220775 0.5243511637245735 0.5790191323790508 0.5243511637245735 0.5790191323790508 0.5348672378233771 0.5714062205220775 0.5348672378233771
0 0.773290421008592 0.16931536300264946 0.7783237511619627 0.16931536300264946 0.7783237511619627 0.17800633333223911 0.773290421008592 0.17800633333223911
0 0.8152348389533483 0.1738010251082441 0.8221556679142332 0.1738010251082441 0.8221556679142332 0.18165093379303476 0.8152348389533483 0.18165093379303476
0 0.8626320312309229 0.1822116415562341 0.8697625822815312 0.1822116415562341 0.8697625822815312 0.19006155024102475 0.8626320312309229 0.19006155024102475
0 0.8997528411120324 0.17436173287144344 0.9066736700729171 0.17436173287144344 0.9066736700729171 0.18165093379303476 0.8997528411120324 0.18165093379303476
0 0.940438926518446 0.1824919954378338 0.946311145030712 0.1824919954378338 0.946311145030712 0.19090261188582378 0.940438926518446 0.19090261188582378
0 0.7714029222010779 0.22230224662498646 0.7791626395208577 0.22230224662498646 0.7791626395208577 0.23015215530977712 0.7714029222010779 0.23015215530977712
0 0.8137667843252818 0.22706826261218083 0.8206876132861665 0.22706826261218083 0.8206876132861665 0.23547887906017081 0.8137667843252818 0.23547887906017081
0 0.8525653709241814 0.22931109366497812 0.8580181452569996 0.22931109366497812 0.8580181452569996 0.23688064846816917 0.8525653709241814 0.23688064846816917
0 0.8949292330483855 0.2447305571529598 0.9012208957400989 0.2447305571529598 0.9012208957400989 0.25089834254815246 0.8949292330483855 0.25089834254815246
0 0.9328889312883899 0.23435746353377215 0.9385514277109319 0.23435746353377215 0.9385514277109319 0.2419270183369632 0.9328889312883899 0.2419270183369632
0 0.7690959792141162 0.327154598343262 0.7755973639955535 0.327154598343262 0.7755973639955535 0.3324813220936556 0.7690959792141162 0.3324813220936556
0 0.8062167890952255 0.32575282893526364 0.8112501192485965 0.32575282893526364 0.8112501192485965 0.33472415314645293 0.8062167890952255 0.33472415314645293
0 0.8422889885277162 0.3310795526856573 0.8483709291297057 0.3310795526856573 0.8483709291297057 0.3403312307784463 0.8422889885277162 0.3403312307784463
0 0.9345667080061802 0.33135990656725695 0.9410680927876175 0.33135990656725695 0.9410680927876175 0.3400508768968466 0.9345667080061802 0.3400508768968466
0 0.7745487535469345 0.3809825436103981 0.7812598604180956 0.3809825436103981 0.7812598604180956 0.38939316005838814 0.7745487535469345 0.38939316005838814
0 0.806845955364397 0.37229157328080836 0.8131376180561104 0.37229157328080836 0.8131376180561104 0.38014148196559905 0.806845955364397 0.38014148196559905
0 0.8441764873352301 0.3652827262408167 0.8498389837577722 0.3652827262408167 0.8498389837577722 0.3764968815048033 0.8441764873352301 0.3764968815048033
0 0.9354055963650754 0.37537546597840465 0.9425361474156839 0.37537546597840465 0.9425361474156839 0.38238431301839637 0.9354055963650754 0.38238431301839637
