0 0.14399080139642245 0.020531894989664057 0.15030670562927861 0.020531894989664057 0.15030670562927861 0.028783030359342137 0.14399080139642245 0.028783030359342137
0 0.16466103343122446 0.0201481212515395 0.1724123704442752 0.0201481212515395 0.1724123704442752 0.028783030359342137 0.16466103343122446 0.028783030359342137
0 0.19394386214719395 0.024177745501847397 0.20040330965806952 0.024177745501847397 0.20040330965806952 0.031853220264338636 0.19394386214719395 0.031853220264338636
0 0.21648015679624888 0.01861302629904125 0.22566692658949422 0.01861302629904125 0.22566692658949422 0.026288501061532486 0.21648015679624888 0.026288501061532486
0 0.24863385107260746 0.0201481212515395 0.2555239284175415 0.0201481212515395 0.2555239284175415 0.02686416166871933 0.24863385107260746 0.02686416166871933
0 0.14470851778651975 0.07234134963647991 0.1527469413556094 0.07234134963647991 0.1527469413556094 0.08212757995865623 0.14470851778651975 0.08212757995865623
0 0.17025922127398332 0.07310889711272904 0.1775799284529757 0.07310889711272904 0.1775799284529757 0.08193569308959396 0.17025922127398332 0.08193569308959396
0 0.19064236675274635 0.0763709738867878 0.19882433359985552 0.0763709738867878 0.19882433359985552 0.08654097794708872 0.19064236675274635 0.08654097794708872
0 0.21676724335228775 0.07426021832710272 0.22509275347741634 0.07426021832710272 0.22509275347741634 0.08097625874428255 0.21676724335228775 0.08097625874428255
0 0.24490172584410158 0.06984682033867026 0.25308369269121067 0.06984682033867026 0.25308369269121067 0.08001682439897116 0.24490172584410158 0.08001682439897116
0 0.1401151328898971 0.161184970012316 0.1464310371227532 0.161184970012316 0.1464310371227532 0.1703955397273055 0.1401151328898971 0.1703955397273055
0 0.17025922127398332 0.16233629122668966 0.17643158222882002 0.16233629122668966 0.17643158222882002 0.17116308720355458 0.17025922127398332 0.17116308720355458
0 0.19451803525927175 0.15964987505981773 0.2012645693261863 0.15964987505981773 0.2012645693261863 0.16981987912011862 0.19451803525927175 0.16981987912011862
0 0.21978165219069642 0.16713346295324666 0.2283942488718639 0.16713346295324666 0.2283942488718639 0.17730346701354754 0.21978165219069642 0.17730346701354754
0 0.24576298551221837 0.16463893365543705 0.2548062120274442 0.16463893365543705 0.2548062120274442 0.17615214579917388 0.24576298551221837 0.17615214579917388
0 0.1415505656700917 0.21855914386193798 0.1484406430150257 0.21855914386193798 0.1484406430150257 0.2264265054934915 0.1415505656700917 0.2264265054934915
0 0.16451749015320516 0.2170240489094397 0.17269945700031428 0.2170240489094397 0.17269945700031428 0.22661839236255352 0.16451749015320516 0.22661839236255352
0 0.20327417521845872 0.22661839236255374 0.21088196895348998 0.22661839236255374 0.21088196895348998 0.23486952773223185 0.20327417521845872 0.23486952773223185
0 0.23284409049046711 0.21855914386193798 0.23844227833322595 0.21855914386193798 0.23844227833322595 0.22853726105317654 0.23284409049046711 0.22853726105317654
0 0.2618398326503977 0.22354820245755727 0.2684428234392927 0.22354820245755727 0.2684428234392927 0.23486952773223185 0.2618398326503977 0.23486952773223185
0 0.13781844044158575 0.32025918446494683 0.14442143123048082 0.32025918446494683 0.14442143123048082 0.32966164104899864 0.13781844044158575 0.32966164104899864
0 0.16049827836866012 0.3216023925483828 0.1683931586597304 0.3216023925483828 0.1683931586597304 0.3311967360014968 0.16049827836866012 0.3311967360014968
0 0.18317811629573455 0.3183403157743241 0.1919342562549215 0.3183403157743241 0.1919342562549215 0.32755088548931344 0.18317811629573455 0.32755088548931344
0 0.2179155895764434 0.3254401299296285 0.22667172953563033 0.3254401299296285 0.22667172953563033 0.33541824712086704 0.2179155895764434 0.33541824712086704
0 0.2527966061351718 0.3242888087152548 0.2591125103680279 0.3242888087152548 0.2591125103680279 0.33465069964461786 0.2527966061351718 0.33465069964461786
0 0.13796198371960522 0.36899844920676617 0.14470851778651977 0.36899844920676617 0.14470851778651977 0.3784009057908179 0.13796198371960522 0.3784009057908179
0 0.16150308131479632 0.3724524128498873 0.1681060721036914 0.3724524128498873 0.1681060721036914 0.3822386431720636 0.16150308131479632 0.3822386431720636
0 0.1828910297396956 0.3714929785045758 0.19250842936699933 0.3714929785045758 0.19250842936699933 0.3810873219576899 0.1828910297396956 0.3810873219576899
0 0.20915944961725647 0.36746335425426785 0.2151882672940737 0.36746335425426785 0.2151882672940737 0.3787846795289425 0.20915944961725647 0.3787846795289425
0 0.22982968165205844 0.3713010916355136 0.23671975899699246 0.3713010916355136 0.23671975899699246 0.38262241691018806 0.22982968165205844 0.38262241691018806
0 0.12992356015051557 0.47242547163133564 0.13710072405148846 0.47242547163133564 0.13710072405148846 0.4814441544772628 0.12992356015051557 0.4814441544772628
0 0.1524598547995705 0.4718498110241488 0.15949347542252396 0.4718498110241488 0.15949347542252396 0.4801009463938269 0.1524598547995705 0.4801009463938269
0 0.1738478032244698 0.47165792415508645 0.18116851040346216 0.47165792415508645 0.18116851040346216 0.4802928332628891 0.1738478032244698 0.4802928332628891
0 0.19437449198125234 0.47223358476227334 0.20284354538440033 0.47223358476227334 0.20284354538440033 0.4827873625606989 0.19437449198125234 0.4827873625606989
0 0.22250897447306608 0.4737686797147715 0.2299732249300779 0.4737686797147715 0.2299732249300779 0.4837467969060102 0.22250897447306608 0.4837467969060102
0 0.1325073391548658 0.524618700016276 0.1399715896118776 0.524618700016276 0.1399715896118776 0.5344049303384523 0.1325073391548658 0.5344049303384523
0 0.15604843675005695 0.52999153235002 0.16322560065102987 0.52999153235002 0.16322560065102987 0.5405453101484453 0.15604843675005695 0.5405453101484453
0 0.17987662090128706 0.5257700212306498 0.18619252513414317 0.5257700212306498 0.18619252513414317 0.5365156858981376 0.17987662090128706 0.5365156858981376
0 0.19997267982401115 0.524618700016276 0.20901590633923708 0.524618700016276 0.20901590633923708 0.5363237990290751 0.19997267982401115 0.5363237990290751
0 0.22638464297959146 0.5267294555759612 0.2361455858849146 0.5267294555759612 0.2361455858849146 0.5392021020650094 0.22638464297959146 0.5392021020650094
0 0.13035418998457393 0.6196027002021053 0.13781844044158575 0.6196027002021053 0.13781844044158575 0.6297727042624061 0.13035418998457393 0.6297727042624061
0 0.15446946069184292 0.6178757183805447 0.16193371114885471 0.6178757183805447 0.16193371114885471 0.6286213830480323 0.15446946069184292 0.6286213830480323
0 0.17384780322446974 0.6199864739402298 0.1810249671254427 0.6199864739402298 0.1810249671254427 0.6303483648695929 0.17384780322446974 0.6303483648695929
0 0.2047096079986533 0.6238242113214755 0.21403992106991807 0.6238242113214755 0.21403992106991807 0.6349536497270877 0.2047096079986533 0.6349536497270877
0 0.2372939321090703 0.6238242113214755 0.2451888124001405 0.6238242113214755 0.2451888124001405 0.6361049709414613 0.2372939321090703 0.6361049709414613
0 0.13394277193506038 0.6750580053611044 0.1435601715623641 0.6750580053611044 0.1435601715623641 0.6844604619451561 0.13394277193506038 0.6844604619451561
0 0.15188568168749267 0.6598989427051842 0.15920638886648505 0.6598989427051842 0.15920638886648505 0.6675744174676753 0.15188568168749267 0.6675744174676753
0 0.1818862267935594 0.6696851730273604 0.18920693397255176 0.6696851730273604 0.18920693397255176 0.6779363083970383 0.1818862267935594 0.6779363083970383
0 0.21002070928537322 0.674098571015793 0.21734141646436564 0.674098571015793 0.21734141646436564 0.6835010275998448 0.21002070928537322 0.6835010275998448
0 0.23169574426631143 0.6710283811107964 0.24016479766945947 0.6710283811107964 0.24016479766945947 0.681774045778284 0.23169574426631143 0.681774045778284
0 0.13135899293071013 0.7729203085828676 0.13824907027564412 0.7729203085828676 0.13824907027564412 0.7832821995122309 0.13135899293071013 0.7832821995122309
0 0.14844064301502566 0.7802120096072344 0.15461300396986233 0.7802120096072344 0.15461300396986233 0.7896144661912862 0.14844064301502566 0.7896144661912862
0 0.16868024521576927 0.7773337065713003 0.17671866878485892 0.7773337065713003 0.17671866878485892 0.7886550318459747 0.16868024521576927 0.7886550318459747
0 0.19724535754164144 0.7759904984878642 0.20557086766677005 0.7759904984878642 0.20557086766677005 0.7867361631553519 0.19724535754164144 0.7867361631553519
0 0.21963810891267696 0.7782931409166116 0.22609755642355256 0.7782931409166116 0.22609755642355256 0.7903820136675355 0.21963810891267696 0.7903820136675355
0 0.13480403160317714 0.8247297632296836 0.1406893060019749 0.8247297632296836 0.1406893060019749 0.832597124861237 0.13480403160317714 0.832597124861237
0 0.1544694606918429 0.8281837268728047 0.16135953803677686 0.8281837268728047 0.16135953803677686 0.8393131652784169 0.1544694606918429 0.8393131652784169
0 0.17456551961456707 0.832597124861237 0.18246039990563728 0.832597124861237 0.18246039990563728 0.841423920838102 0.17456551961456707 0.841423920838102
0 0.19322614575709662 0.835283541028109 0.20212582899430306 0.835283541028109 0.20212582899430306 0.8450697713502853 0.19322614575709662 0.8450697713502853
0 0.2054273243887506 0.8408482602309152 0.21418346434793756 0.8408482602309152 0.21418346434793756 0.8475643006480948 0.2054273243887506 0.8475643006480948
0 0.2460500720682573 0.837969957194981 0.2526530628571524 0.837969957194981 0.2526530628571524 0.8464129794337212 0.2460500720682573 0.8464129794337212
