0 0.4532421815849872 0.3155782916439267 0.45966850372401225 0.3155782916439267 0.45966850372401225 0.32514512683958774 0.4532421815849872 0.32514512683958774
0 0.4725211480020621 0.3165544993169534 0.4789474701410871 0.3165544993169534 0.4789474701410871 0.32358319456274515 0.4725211480020621 0.32358319456274515
0 0.4935527477297802 0.31733546545537467 0.500271175420579 0.31733546545537467 0.500271175420579 0.32358319456274515 0.4935527477297802 0.32358319456274515
0 0.5097646058532296 0.31831167312840136 0.5157527696645937 0.31831167312840136 0.5157527696645937 0.3263165760472198 0.5097646058532296 0.3263165760472198
0 0.5288975194944175 0.31733546545537467 0.5372225277199727 0.31733546545537467 0.5372225277199727 0.3251451268395878 0.5288975194944175 0.3251451268395878
0 0.4570395537580474 0.3780555827176317 0.4649264036559416 0.3780555827176317 0.4649264036559416 0.3882081425171087 0.4570395537580474 0.3882081425171087
0 0.4824527367623734 0.3735650274217091 0.4899014283326069 0.3735650274217091 0.4899014283326069 0.3825461380135542 0.4824527367623734 0.3825461380135542
0 0.5062593392319432 0.37219833667947183 0.5126856613709682 0.37219833667947183 0.5126856613709682 0.3815699303405275 0.5062593392319432 0.3815699303405275
0 0.5265606750802266 0.3688792305911812 0.534447524978121 0.3688792305911812 0.534447524978121 0.37668889197539435 0.5265606750802266 0.37668889197539435
0 0.5484685914632663 0.36926971366039196 0.5563554413611607 0.36926971366039196 0.5563554413611607 0.377665099648421 0.5484685914632663 0.377665099648421
0 0.4593603384271717 0.4778021333680315 0.4662933000709331 0.4778021333680315 0.4662933000709331 0.4870700302804172 0.4593603384271717 0.4870700302804172
0 0.485358944591277 0.48081419986455676 0.49315852644050856 0.48081419986455676 0.49315852644050856 0.4891553070857039 0.485358944591277 0.4891553070857039
0 0.510664254591006 0.48521645089793997 0.5198504287689898 0.48521645089793997 0.5198504287689898 0.49355755811908714 0.510664254591006 0.49355755811908714
0 0.5423825541112144 0.479424015327699 0.550528784042634 0.479424015327699 0.550528784042634 0.488460214817275 0.5423825541112144 0.488460214817275
0 0.5668212439054732 0.47965571275050856 0.5742741776725168 0.47965571275050856 0.5742741776725168 0.4861432405891786 0.5668212439054732 0.4861432405891786
0 0.485358944591277 0.5371166736073 0.4929852023994145 0.5371166736073 0.4929852023994145 0.5459211756740663 0.485358944591277 0.5459211756740663
0 0.5065044776047493 0.5329461199967264 0.5143040594539807 0.5329461199967264 0.5143040594539807 0.5422140169091121 0.5065044776047493 0.5422140169091121
0 0.5319831116455722 0.527385381849295 0.5383961011660514 0.527385381849295 0.5383961011660514 0.5371166736073 0.5319831116455722 0.5371166736073
0 0.5519153763713862 0.5271536844264852 0.5581550418507715 0.5271536844264852 0.5581550418507715 0.5364215813388709 0.5519153763713862 0.5364215813388709
0 0.4538139691121627 0.6256250891205831 0.4614402269203002 0.6256250891205831 0.4614402269203002 0.6339661963417301 0.4538139691121627 0.6339661963417301
0 0.48102584356392614 0.6284054581942989 0.48657221287893526 0.6284054581942989 0.48657221287893526 0.6379050525294943 0.48102584356392614 0.6379050525294943
0 0.5059845054814671 0.62771036592587 0.5123974950019463 0.62771036592587 0.5123974950019463 0.6376733551066845 0.5059845054814671 0.6376733551066845
0 0.5290366029469737 0.6219179303556288 0.535102944385265 0.6219179303556288 0.535102944385265 0.6309541298452049 0.5290366029469737 0.6309541298452049
0 0.5533019687001386 0.6221496277784385 0.5600616063028059 0.6221496277784385 0.5600616063028059 0.630259037576776 0.5533019687001386 0.630259037576776
0 0.45485391335872694 0.683317747400184 0.4612669028792062 0.683317747400184 0.4612669028792062 0.6928173417353793 0.45485391335872694 0.6928173417353793
0 0.48137249164611423 0.6842445370914225 0.4881321292487814 0.6842445370914225 0.4881321292487814 0.6905003675072828 0.48137249164611423 0.6905003675072828
0 0.5058111814403731 0.688646788124806 0.510317606508818 0.688646788124806 0.510317606508818 0.697682987614382 0.5058111814403731 0.697682987614382
0 0.5299032231524439 0.6840128396686128 0.5368361847962053 0.6840128396686128 0.5368361847962053 0.6930490391581889 0.5299032231524439 0.6930490391581889
0 0.5534752927412325 0.682622655131755 0.560754902467182 0.682622655131755 0.560754902467182 0.6916588546213311 0.5534752927412325 0.6916588546213311
0 0.46421341157780477 0.7901302593154292 0.47166634534484825 0.7901302593154292 0.47166634534484825 0.798703063959386 0.46421341157780477 0.798703063959386
0 0.4912519619884741 0.7926789309663352 0.5004381361664579 0.7926789309663352 0.5004381361664579 0.8000932484962437 0.4912519619884741 0.8000932484962437
0 0.5217569932210242 0.7894351670470003 0.5269567144538453 0.7894351670470003 0.5269567144538453 0.7993981562278147 0.5217569932210242 0.7993981562278147
0 0.5455023868509069 0.787813285087333 0.5519153763713863 0.787813285087333 0.5519153763713863 0.7975445768453379 0.5455023868509069 0.7975445768453379
0 0.5668212439054732 0.7912887464294773 0.5735808815081407 0.7912887464294773 0.5735808815081407 0.7989347613821957 0.5668212439054732 0.7989347613821957
0 0.45866704226279564 0.8448108510985048 0.4669865962353092 0.8448108510985048 0.4669865962353092 0.8519934712056038 0.45866704226279564 0.8519934712056038
0 0.515863975823827 0.8438840614072661 0.5231435855497766 0.8438840614072661 0.5231435855497766 0.8515300763599845 0.515863975823827 0.8515300763599845
0 0.540649313700274 0.8424938768704083 0.5472356272618473 0.8424938768704083 0.5472356272618473 0.8519934712056035 0.540649313700274 0.8519934712056035
0 0.5621414947959342 0.8404086000651216 0.5685544843164136 0.8404086000651216 0.5685544843164136 0.8506032866687459 0.5621414947959342 0.8506032866687459
0 0.5820737595217482 0.8406402974879312 0.5897000173298858 0.8406402974879312 0.5897000173298858 0.84805461501784 0.5820737595217482 0.84805461501784
