0 0.4416301444574351 0.30084004434853745 0.45129006680725703 0.30084004434853745 0.45129006680725703 0.31126998840818976 0.4416301444574351 0.31126998840818976
0 0.48175597575669554 0.29935005234001566 0.48881514978156554 0.29935005234001566 0.48881514978156554 0.30878666839398683 0.48175597575669554 0.30878666839398683
0 0.502190426881319 0.30084004434853745 0.5107357428061614 0.30084004434853745 0.5107357428061614 0.31176665241103035 0.502190426881319 0.31176665241103035
0 0.543430864605559 0.3048133563712621 0.5508615741054219 0.3048133563712621 0.5508615741054219 0.3137533084223927 0.543430864605559 0.3137533084223927
0 0.5742683090299907 0.3033233643627404 0.5809559475798675 0.3033233643627404 0.5809559475798675 0.3127599804167116 0.5742683090299907 0.3127599804167116
0 0.4434878218324009 0.3534864286496398 0.45054699585727065 0.3534864286496398 0.45054699585727065 0.3624263807007704 0.4434878218324009 0.3624263807007704
0 0.4804612859017395 0.3529184588798454 0.4885817252158443 0.3529184588798454 0.4885817252158443 0.3630953047819133 0.4804612859017395 0.3630953047819133
0 0.5111666970581984 0.35495382806025894 0.5192871363723034 0.35495382806025894 0.5192871363723034 0.36513067396232685 0.5111666970581984 0.36513067396232685
0 0.5477086739716702 0.35732842543740817 0.5535452397286831 0.35732842543740817 0.5535452397286831 0.36648758674926935 0.5477086739716702 0.36648758674926935
0 0.5812054861423527 0.356649969043937 0.5893259254564575 0.356649969043937 0.5893259254564575 0.3641129893721201 0.5812054861423527 0.3641129893721201
0 0.4380827432312549 0.465202991999328 0.4449343639025309 0.465202991999328 0.4449343639025309 0.4767367506883383 0.4380827432312549 0.4767367506883383
0 0.4880741977587128 0.4655422201960636 0.496955928258515 0.4655422201960636 0.496955928258515 0.474362153311189 0.4880741977587128 0.474362153311189
0 0.5261387570435793 0.4736836969177179 0.5340054326291184 0.4736836969177179 0.5340054326291184 0.484538999213257 0.5261387570435793 0.484538999213257
0 0.5692785908997612 0.45672228708093804 0.5758764478424714 0.45672228708093804 0.5758764478424714 0.46689913298300595 0.5692785908997612 0.46689913298300595
0 0.6096270237417196 0.46689913298300595 0.6164786444129955 0.46689913298300595 0.6164786444129955 0.4760582942948671 0.6096270237417196 0.4760582942948671
0 0.458383841516517 0.5347447723301254 0.4652354621877929 0.5347447723301254 0.4652354621877929 0.5422077926583085 0.458383841516517 0.5422077926583085
0 0.48477526928735776 0.5113380267553692 0.49137312623006796 0.5113380267553692 0.49137312623006796 0.5194795034770237 0.48477526928735776 0.5194795034770237
0 0.5175107902723429 0.5167656779031388 0.5228398285722241 0.5167656779031388 0.5228398285722241 0.5272817520019424 0.5175107902723429 0.5272817520019424
0 0.5611581515856563 0.5201579598704947 0.5680097722569324 0.5201579598704947 0.5680097722569324 0.5306740339692984 0.5611581515856563 0.5306740339692984
0 0.6032829305275752 0.5130341677390472 0.6103883149274169 0.5130341677390472 0.6103883149274169 0.5225325572476439 0.6032829305275752 0.5225325572476439
