0 0.1492996365543347 0.15427803125046288 0.16624468732890646 0.15427803125046288 0.16624468732890646 0.1714200347227365 0.1492996365543347 0.1714200347227365
0 0.1859375841750303 0.16223681857687566 0.1978449171517564 0.16223681857687566 0.1978449171517564 0.17570553559080498 0.1859375841750303 0.17570553559080498
0 0.21570591661684552 0.1646856762157719 0.22440742917676074 0.1646856762157719 0.22440742917676074 0.17999103645887338 0.21570591661684552 0.17999103645887338
0 0.23997855691555642 0.15672688888935912 0.2523438642375412 0.15672688888935912 0.2523438642375412 0.1744811067713569 0.23997855691555642 0.1744811067713569
0 0.270662838047889 0.15427803125046288 0.2802802992983216 0.15427803125046288 0.2802802992983216 0.1701956059032884 0.270662838047889 0.1701956059032884
0 0.15387938000692167 0.2099895425353523 0.16120696953106078 0.2099895425353523 0.16120696953106078 0.22345825954928156 0.15387938000692167 0.22345825954928156
0 0.17403025119830423 0.21305061458397256 0.18456366113925424 0.21305061458397256 0.18456366113925424 0.22835597482707404 0.17403025119830423 0.22835597482707404
0 0.20471453233063686 0.21182618576452444 0.21570591661684554 0.21182618576452444 0.21570591661684554 0.2246826883687297 0.20471453233063686 0.2246826883687297
0 0.23356691608193464 0.2112139713548004 0.24272640298710854 0.2112139713548004 0.24272640298710854 0.22407047395900564 0.23356691608193464 0.22407047395900564
0 0.2628772741784912 0.2124384001742485 0.27249473542892383 0.2124384001742485 0.27249473542892383 0.22284604513955752 0.2628772741784912 0.22284604513955752
0 0.14176215645873966 0.31002059344049127 0.153805058099652 0.31002059344049127 0.153805058099652 0.32611939459777306 0.14176215645873966 0.32611939459777306
0 0.17548228105329422 0.30588090171433313 0.18580476817407626 0.30588090171433313 0.18580476817407626 0.3196798741348604 0.17548228105329422 0.3196798741348604
0 0.2012884988552493 0.30266114148287676 0.2119550688800573 0.30266114148287676 0.2119550688800573 0.31692007965075486 0.2012884988552493 0.31692007965075486
0 0.22915921408136067 0.3040410387249295 0.23982578410616875 0.3040410387249295 0.23982578410616875 0.3192199083875094 0.22915921408136067 0.3192199083875094
0 0.2559976805953939 0.3008212784934731 0.26632016771617595 0.3008212784934731 0.26632016771617595 0.31875994264015856 0.2559976805953939 0.31875994264015856
0 0.13797724451445292 0.3711960378381621 0.1462352342110785 0.3711960378381621 0.1462352342110785 0.381315284279882 0.13797724451445292 0.381315284279882
0 0.17100920330095534 0.36475651737524944 0.17926719299758098 0.36475651737524944 0.17926719299758098 0.3771755925537239 0.17100920330095534 0.3771755925537239
0 0.19647133819888432 0.3656764488699512 0.20541749370356208 0.3656764488699512 0.20541749370356208 0.3776355583010748 0.19647133819888432 0.3776355583010748
0 0.22330980471291756 0.3601568599017403 0.23260004312162136 0.3601568599017403 0.23260004312162136 0.3721159693328639 0.22330980471291756 0.3721159693328639
0 0.25014827122695077 0.35509723668088033 0.2580621780195503 0.35509723668088033 0.2580621780195503 0.36797627760670576 0.25014827122695077 0.36797627760670576
0 0.15724588713991267 0.4650290502977473 0.16688020845264254 0.4650290502977473 0.16688020845264254 0.47744812547622184 0.15724588713991267 0.47744812547622184
0 0.17651452976537244 0.46870877627655466 0.18786926559823264 0.46870877627655466 0.18786926559823264 0.4811278514550292 0.17651452976537244 0.4811278514550292
0 0.2047293278955099 0.46272922156099283 0.2109228201679791 0.46272922156099283 0.2109228201679791 0.47468833099211644 0.2047293278955099 0.47468833099211644
0 0.22124530728876116 0.4599694270768875 0.23053554569746496 0.4599694270768875 0.23053554569746496 0.47146857076066007 0.22124530728876116 0.47146857076066007
0 0.24980418832292473 0.4461704546563601 0.25771809511552435 0.4461704546563601 0.25771809511552435 0.4636491530556947 0.24980418832292473 0.4636491530556947
0 0.1672242913566686 0.5234447002113127 0.17445003234121603 0.5234447002113127 0.17445003234121603 0.5358637753897872 0.1672242913566686 0.5358637753897872
0 0.18442843655797198 0.5206849057272073 0.19406275787070187 0.5206849057272073 0.19406275787070187 0.5331039809056819 0.18442843655797198 0.5331039809056819
0 0.20782607403174452 0.5183850769904528 0.21814856115252654 0.5183850769904528 0.21814856115252654 0.5280443576848218 0.20782607403174452 0.5280443576848218
0 0.2332882089296735 0.5216048372219092 0.24154619862629909 0.5216048372219092 0.24154619862629909 0.5340239124003837 0.2332882089296735 0.5340239124003837
0 0.25393318317123753 0.5179251112431019 0.26184708996383704 0.5179251112431019 0.26184708996383704 0.5317240836636291 0.25393318317123753 0.5317240836636291
0 0.14210623936276573 0.622337335891758 0.15346097519562593 0.622337335891758 0.15346097519562593 0.6324565823334781 0.14210623936276573 0.6324565823334781
0 0.1672242913566686 0.6260170618705653 0.17513819814926812 0.6260170618705653 0.17513819814926812 0.6393560685437416 0.1672242913566686 0.6393560685437416
0 0.14795564873120884 0.6641942189006906 0.15655772133186055 0.6641942189006906 0.15655772133186055 0.677073259826516 0.14795564873120884 0.677073259826516
0 0.1861488510781023 0.622337335891758 0.1926864262545976 0.622337335891758 0.1926864262545976 0.6324565823334781 0.1861488510781023 0.6324565823334781
0 0.17823494428550277 0.6669540133847961 0.18511660236602415 0.6669540133847961 0.18511660236602415 0.6807529858053232 0.17823494428550277 0.6807529858053232
0 0.20954648855187485 0.6683339106268488 0.21573998082434406 0.6683339106268488 0.21573998082434406 0.6798330543106216 0.20954648855187485 0.6798330543106216
0 0.23087962860149103 0.672473602353007 0.24016986701019488 0.672473602353007 0.24016986701019488 0.6853526432788325 0.23087962860149103 0.6853526432788325
0 0.22365388761694363 0.6237172331338108 0.23500862344980383 0.6237172331338108 0.23500862344980383 0.6379761713016888 0.22365388761694363 0.6379761713016888
0 0.2522127686511072 0.6241771988811616 0.26115892415578496 0.6241771988811616 0.26115892415578496 0.6393560685437416 0.2522127686511072 0.6393560685437416
0 0.25806217801955034 0.672473602353007 0.2676964993322802 0.672473602353007 0.2676964993322802 0.6821328830473762 0.25806217801955034 0.6821328830473762
0 0.15655772133186055 0.7741260325175577 0.1651597939325122 0.7741260325175577 0.1651597939325122 0.7879250049380848 0.15655772133186055 0.7879250049380848
0 0.1775467784774506 0.7713662380334523 0.1861488510781023 0.7713662380334523 0.1861488510781023 0.7856251762013303 0.1775467784774506 0.7856251762013303
0 0.20782607403174452 0.7663066148125924 0.21883672696057868 0.7663066148125924 0.21883672696057868 0.7805655529804705 0.20782607403174452 0.7805655529804705
0 0.23604087216188205 0.7718262037808031 0.2429225302424034 0.7718262037808031 0.2429225302424034 0.7879250049380848 0.23604087216188205 0.7879250049380848
0 0.2735459087007234 0.7667665805599432 0.2828361471094272 0.7667665805599432 0.2828361471094272 0.7814854844751722 0.2735459087007234 0.7814854844751722
0 0.15414914100367808 0.8261021619682104 0.16309529650835583 0.8261021619682104 0.16309529650835583 0.8380612713993338 0.15414914100367808 0.8380612713993338
0 0.17685861266939853 0.8311617851890704 0.18786926559823264 0.8311617851890704 0.18786926559823264 0.8403611001360886 0.17685861266939853 0.8403611001360886
0 0.20644974241564026 0.8219624702420523 0.21436364920823978 0.8219624702420523 0.21436364920823978 0.8339215796731759 0.20644974241564026 0.8339215796731759
0 0.23397637473772565 0.8182827442632449 0.24223436443435123 0.8182827442632449 0.24223436443435123 0.8274820592102631 0.23397637473772565 0.8274820592102631
0 0.2701050796604627 0.8242622989788068 0.27870715226111437 0.8242622989788068 0.27870715226111437 0.833461613925825 0.2701050796604627 0.833461613925825
0 0.1286870061057491 0.9158262682347841 0.13660091289834864 0.9158262682347841 0.13660091289834864 0.9254855489291529 0.1286870061057491 0.9254855489291529
0 0.16103079908419943 0.90892678202452 0.16688020845264254 0.90892678202452 0.16688020845264254 0.9195059942135911 0.16103079908419943 0.9195059942135911
0 0.17926719299758098 0.9103066792665728 0.18752518269420657 0.9103066792665728 0.18752518269420657 0.9250255831818018 0.17926719299758098 0.9250255831818018
0 0.2012884988552493 0.9190460284662402 0.2119550688800573 0.9190460284662402 0.2119550688800573 0.9287053091606092 0.2012884988552493 0.9287053091606092
0 0.23638495506590812 0.9204259257082927 0.24429886185850766 0.9204259257082927 0.24429886185850766 0.9319250693920655 0.23638495506590812 0.9319250693920655
0 0.1455470684030264 0.9632027402119273 0.15449322390770412 0.9632027402119273 0.15449322390770412 0.975161849643051 0.1455470684030264 0.975161849643051
0 0.16791245716472075 0.965502568948682 0.17617044686134636 0.965502568948682 0.17617044686134636 0.9742419181483492 0.16791245716472075 0.9742419181483492
0 0.19543908948680613 0.965502568948682 0.20300891337537957 0.965502568948682 0.20300891337537957 0.9788415756218583 0.19543908948680613 0.9788415756218583
0 0.2136754834001877 0.9659625346960329 0.22296572180889151 0.9659625346960329 0.22296572180889151 0.9774616783798056 0.2136754834001877 0.9774616783798056
0 0.23810536958603845 0.9710221579168927 0.24636335928266404 0.9710221579168927 0.24636335928266404 0.9825213016006655 0.23810536958603845 0.9825213016006655
0 0.2601266754437067 0.9724020551589456 0.26941691385241057 0.9724020551589456 0.26941691385241057 0.9843611645900691 0.2601266754437067 0.9843611645900691
0 0.28008348387721865 0.979301541369209 0.2897178051899485 0.979301541369209 0.2897178051899485 0.9903407193056308 0.28008348387721865 0.9903407193056308
