0 0.45239487680620727 0.31544873517025784 0.45963135611132044 0.31544873517025784 0.45963135611132044 0.32432944977148737 0.45239487680620727 0.32432944977148737
0 0.471968960172497 0.31703457706333454 0.4790868086693297 0.31703457706333454 0.4790868086693297 0.3236951130142567 0.471968960172497 0.3236951130142567
0 0.49320387485471445 0.3165588244954115 0.5009148773929497 0.3165588244954115 0.5009148773929497 0.32496378652871805 0.49320387485471445 0.32496378652871805
0 0.5099308188222711 0.31782749800987287 0.5166927748942621 0.31782749800987287 0.5166927748942621 0.32702538098971773 0.5099308188222711 0.32702538098971773
0 0.5303353178465247 0.3159244877381808 0.5379276895764794 0.3159244877381808 0.5379276895764794 0.32623246004317935 0.5303353178465247 0.32623246004317935
0 0.4572587399457096 0.37904099508263367 0.46449521925082277 0.37904099508263367 0.46449521925082277 0.38808029387317083 0.4572587399457096 0.38808029387317083
0 0.48205257887634334 0.3734905484568651 0.4901194738394202 0.3734905484568651 0.4901194738394202 0.38300559981532534 0.48205257887634334 0.38300559981532534
0 0.5064905253821353 0.3717461223744808 0.5131338506458457 0.3717461223744808 0.5131338506458457 0.3812611737329409 0.5064905253821353 0.3812611737329409
0 0.5272509168312305 0.3684158543990197 0.5343687653280631 0.3684158543990197 0.5343687653280631 0.37777232156817214 0.5272509168312305 0.37777232156817214
0 0.5489603547465701 0.36968452791348105 0.5559595724351222 0.36968452791348105 0.5559595724351222 0.37650364805371084 0.5489603547465701 0.37650364805371084
0 0.4593940944947594 0.47831469758923506 0.466511942991592 0.47831469758923506 0.466511942991592 0.48687824381184935 0.4593940944947594 0.48687824381184935
0 0.48489971827507633 0.4805348762395425 0.4940342905126782 0.4805348762395425 0.4940342905126782 0.4889398382728491 0.48489971827507633 0.4889398382728491
0 0.5106426036719544 0.48449948097223416 0.5188281294433119 0.48449948097223416 0.5188281294433119 0.4929044430055407 0.5106426036719544 0.4929044430055407
0 0.5431474451408235 0.47894903434646574 0.5506211860624977 0.47894903434646574 0.5506211860624977 0.48909842246215673 0.5431474451408235 0.48909842246215673
0 0.5674667608383349 0.4803762920502348 0.5738728244854843 0.4803762920502348 0.5738728244854843 0.48576815448669564 0.5674667608383349 0.48576815448669564
0 0.4847810874667957 0.5369908476330731 0.49249209000503114 0.5369908476330731 0.49249209000503114 0.5458715622343028 0.4847810874667957 0.5458715622343028
0 0.5077954642732213 0.5339777480362274 0.5146760511534928 0.5339777480362274 0.5146760511534928 0.5430170468267647 0.5077954642732213 0.5430170468267647
0 0.5316402567376106 0.5281101330318436 0.5393512592758462 0.5281101330318436 0.5393512592758462 0.5379423527689191 0.5316402567376106 0.5379423527689191
0 0.5524006481867059 0.5268414595173823 0.5595184966835384 0.5268414595173823 0.5595184966835384 0.537149431822381 0.5524006481867059 0.537149431822381
0 0.4541743389304154 0.626432330402599 0.4614108182355286 0.626432330402599 0.4614108182355286 0.6342029556786749 0.4541743389304154 0.6342029556786749
0 0.4803917475604156 0.6283353406742911 0.48667918039928443 0.6283353406742911 0.48667918039928443 0.637533223654136 0.4803917475604156 0.637533223654136
0 0.5063718945738548 0.6280181722956758 0.5132524814541263 0.6280181722956758 0.5132524814541263 0.6378503920327512 0.5063718945738548 0.6378503920327512
0 0.5285558557223164 0.6216748047233689 0.5359109658357102 0.6216748047233689 0.5359109658357102 0.6310312718925214 0.5285558557223164 0.6310312718925214
0 0.5527565406115474 0.6211990521554459 0.5599930199166606 0.6211990521554459 0.5599930199166606 0.6308726877032139 0.5527565406115474 0.6308726877032139
0 0.45429296973869604 0.6828883017961296 0.46141081823552865 0.6828883017961296 0.46141081823552865 0.6924033531545898 0.45429296973869604 0.6924033531545898
0 0.48205257887634334 0.6843155594998986 0.48857727333177325 0.6843155594998986 0.48857727333177325 0.6909760954508207 0.48205257887634334 0.6909760954508207
0 0.5056601097241716 0.6893902535577441 0.5107612344802349 0.6893902535577441 0.5107612344802349 0.6979537997803582 0.5056601097241716 0.6979537997803582
0 0.5300980562299636 0.6830468859854374 0.5370972739185157 0.6830468859854374 0.5370972739185157 0.692879105722513 0.5300980562299636 0.692879105722513
0 0.5532310638446697 0.6828883017961296 0.5610606971911856 0.6828883017961296 0.5610606971911856 0.6916104322080514 0.5532310638446697 0.6916104322080514
0 0.465207004100506 0.790884134714653 0.4718503293642165 0.790884134714653 0.4718503293642165 0.7986547599907289 0.465207004100506 0.7986547599907289
0 0.49201756677190894 0.792787144986345 0.49960993850186386 0.792787144986345 0.49960993850186386 0.8003991860731132 0.49201756677190894 0.8003991860731132
0 0.521438007225484 0.79040838214673 0.5272509168312305 0.79040838214673 0.5272509168312305 0.8002406018838055 0.521438007225484 0.8002406018838055
0 0.54457101484019 0.7886639560643457 0.5527565406115474 0.7886639560643457 0.5527565406115474 0.7977032548548829 0.54457101484019 0.7977032548548829
0 0.566161821947249 0.790884134714653 0.5741100861020455 0.790884134714653 0.5741100861020455 0.7992890967479596 0.566161821947249 0.7992890967479596
0 0.45963135611132055 0.8454370958364916 0.4668678354164337 0.8454370958364916 0.4668678354164337 0.8522562159767215 0.45963135611132055 0.8522562159767215
0 0.5153878360031761 0.8427411646182612 0.5230988385414114 0.8427411646182612 0.5230988385414114 0.8503532057050294 0.5153878360031761 0.8503532057050294
0 0.540656198166932 0.8432169171861844 0.5469436310058009 0.8432169171861844 0.5469436310058009 0.8514632950301833 0.540656198166932 0.8514632950301833
0 0.5622470052739911 0.8419482436717228 0.5682971764962986 0.8419482436717228 0.5682971764962986 0.8495602847584909 0.5622470052739911 0.8495602847584909
0 0.5813465654071586 0.8392523124534921 0.5890575679453939 0.8392523124534921 0.5890575679453939 0.8486087796226441 0.5813465654071586 0.8486087796226441
