0 0.45362807163480817 0.3146831409147816 0.45959772009426864 0.3146831409147816 0.45959772009426864 0.32443665981400366 0.45362807163480817 0.32443665981400366
0 0.4722003112864628 0.31592449786559174 0.47883325401919663 0.31592449786559174 0.47883325401919663 0.32408198639948654 0.4722003112864628 0.32408198639948654
0 0.49355838688586556 0.3161018345728503 0.5001913296185994 0.3161018345728503 0.5001913296185994 0.32425932310674505 0.49355838688586556 0.32425932310674505
0 0.5104060614270094 0.3180525383526947 0.5162430510318151 0.3180525383526947 0.5162430510318151 0.32603269017933084 0.5104060614270094 0.32603269017933084
0 0.5299069130612467 0.31645650798736746 0.5377337854858727 0.31645650798736746 0.5377337854858727 0.3256780167648137 0.5299069130612467 0.3256780167648137
0 0.4568118841465204 0.37852435552787106 0.4645060977164916 0.37852435552787106 0.4645060977164916 0.3875685275980587 0.4568118841465204 0.3875685275980587
0 0.4829456785134915 0.37231757077382077 0.4895786212462253 0.37231757077382077 0.4895786212462253 0.3829577732093358 0.4829456785134915 0.3829577732093358
0 0.5064262957873691 0.37231757077382077 0.5126612619561389 0.37231757077382077 0.5126612619561389 0.3808297327222327 0.5064262957873691 0.3808297327222327
0 0.5275190536774625 0.36823882650687345 0.5337540198462323 0.36823882650687345 0.5337540198462323 0.3774603352843197 0.5275190536774625 0.3774603352843197
0 0.549407764695484 0.3691255100431663 0.5557753897189086 0.3691255100431663 0.5557753897189086 0.3767509884552853 0.549407764695484 0.3767509884552853
0 0.4593324023849592 0.47712356476364287 0.4658326862630383 0.47712356476364287 0.4658326862630383 0.48652241024834775 0.4593324023849592 0.48652241024834775
0 0.48520087904262094 0.4804929622015559 0.49329306917655624 0.4804929622015559 0.49329306917655624 0.48865045073545066 0.48520087904262094 0.48865045073545066
0 0.5117326499735562 0.4836850229322105 0.5184982515609445 0.4836850229322105 0.5184982515609445 0.4929065317096567 0.5117326499735562 0.4929065317096567
0 0.5442340693639516 0.4792516052507459 0.5500710589687573 0.4792516052507459 0.5500710589687573 0.4893597975644851 0.5442340693639516 0.4893597975644851
0 0.5670513923645558 0.47960627866526306 0.5746129470798725 0.47960627866526306 0.5746129470798725 0.4861677368338305 0.5670513923645558 0.4861677368338305
0 0.485598855606585 0.5361766882807507 0.4926297749032828 0.5361766882807507 0.4926297749032828 0.545398197058197 0.485598855606585 0.545398197058197
0 0.5081508608978799 0.5340486477936477 0.5141205093573403 0.5340486477936477 0.5141205093573403 0.5418514629130253 0.5081508608978799 0.5418514629130253
0 0.5317641370264121 0.5283738731613731 0.5385297386138006 0.5283738731613731 0.5385297386138006 0.5374180452315608 0.5317641370264121 0.5374180452315608
0 0.5524589183525415 0.527132516210563 0.5581632491026927 0.527132516210563 0.5581632491026927 0.5361766882807507 0.5524589183525415 0.5361766882807507
0 0.4542913659080815 0.625554388739076 0.46158760291408873 0.625554388739076 0.46158760291408873 0.6340665506874879 0.4542913659080815 0.6340665506874879
0 0.4813537722576353 0.6285691127624718 0.48639480873451296 0.6285691127624718 0.48639480873451296 0.6379679582471768 0.4813537722576353 0.6379679582471768
0 0.4544240247627362 0.6826568084763394 0.4607916497861606 0.6826568084763394 0.4607916497861606 0.6917009805465271 0.4544240247627362 0.6917009805465271
0 0.48148643111229006 0.684075502134408 0.48851735040898786 0.684075502134408 0.48851735040898786 0.6909916337174926 0.48148643111229006 0.6909916337174926
0 0.5069569312059878 0.6280371026406961 0.5122632853921748 0.6280371026406961 0.5122632853921748 0.6370812747108837 0.5069569312059878 0.6370812747108837
0 0.5053650249501317 0.6883315831086141 0.5106713791363188 0.6883315831086141 0.5106713791363188 0.6993264589586463 0.5053650249501317 0.6993264589586463
0 0.5292436187879733 0.6205889609358356 0.5357439026660523 0.6205889609358356 0.5357439026660523 0.6308744899568334 0.5292436187879733 0.6308744899568334
0 0.5305702073345201 0.6838981654271492 0.5364071969393259 0.6838981654271492 0.5364071969393259 0.6920556539610441 0.5305702073345201 0.6920556539610441
0 0.553520189189779 0.6214756444721286 0.5589592022306206 0.6214756444721286 0.5589592022306206 0.630165143127799 0.553520189189779 0.630165143127799
0 0.5536528480444336 0.6817701249400464 0.5610817439050955 0.6817701249400464 0.5610817439050955 0.691700980546527 0.5536528480444336 0.691700980546527
0 0.46450609771649154 0.7901228530750397 0.4718023347224988 0.7901228530750397 0.4718023347224988 0.7989896884379689 0.46450609771649154 0.7989896884379689
0 0.4920991394846641 0.7931375770984359 0.4997933530546353 0.7931375770984359 0.4997933530546353 0.8004083820960378 0.4920991394846641 0.8004083820960378
0 0.5215494052180021 0.7910095366113329 0.5269884182588438 0.7910095366113329 0.5269884182588438 0.7993443618524863 0.5215494052180021 0.7993443618524863
0 0.5458259756198077 0.7878174758806784 0.5519282829339228 0.7878174758806784 0.5519282829339228 0.7975709947799002 0.5458259756198077 0.7975709947799002
0 0.5667860746552464 0.7903001897822987 0.5738169939519443 0.7903001897822987 0.5738169939519443 0.7996990352670035 0.5667860746552464 0.7996990352670035
0 0.4586691081116858 0.8442105487889076 0.46742459251889446 0.8442105487889076 0.46742459251889446 0.851658690493768 0.4586691081116858 0.851658690493768
0 0.5153144390492324 0.8424371817163219 0.5235392880378222 0.8424371817163219 0.5235392880378222 0.851304017079251 0.5153144390492324 0.851304017079251
0 0.5402543037243114 0.8420825083018044 0.5466219287477357 0.8420825083018044 0.5466219287477357 0.8514813537865092 0.5402543037243114 0.8514813537865092
0 0.5612144027597501 0.8399544678147017 0.5685106397657572 0.8399544678147017 0.5685106397657572 0.8489986398848892 0.5612144027597501 0.8489986398848892
0 0.5819091840858795 0.8383584374493742 0.5894707388011959 0.8383584374493742 0.5894707388011959 0.848643966470372 0.5819091840858795 0.848643966470372
