0 0.4531842697304727 0.31645754586225333 0.45927459921605135 0.31645754586225333 0.45927459921605135 0.32425979438717206 0.4531842697304727 0.32425979438717206
0 0.4727240768300376 0.3171360022557245 0.4785606425870504 0.3171360022557245 0.4785606425870504 0.32324210979696527 0.4727240768300376 0.32324210979696527
0 0.4940402300295627 0.31611831766551773 0.49962303205800973 0.31611831766551773 0.49962303205800973 0.32425979438717206 0.4940402300295627 0.32425979438717206
0 0.5105348723863381 0.31815368684593137 0.5156101469576538 0.31815368684593137 0.5156101469576538 0.32595593537085 0.5105348723863381 0.32595593537085
0 0.5305822069430345 0.31679677405898893 0.5371800638857447 0.31679677405898893 0.5371800638857447 0.32425979438717206 0.5305822069430345 0.32425979438717206
0 0.45724448938752515 0.37955399045507443 0.46409611005880114 0.37955399045507443 0.46409611005880114 0.38769546717672876 0.45724448938752515 0.38769546717672876
0 0.48338215342980007 0.3727694265203625 0.4887111917296814 0.3727694265203625 0.4887111917296814 0.3826070442256948 0.48338215342980007 0.3826070442256948
0 0.5069821801864173 0.3710732855366844 0.5125649822148644 0.3710732855366844 0.5125649822148644 0.3805716750452811 0.5069821801864173 0.3805716750452811
0 0.5280445696573767 0.36835945996279973 0.5341348991429554 0.36835945996279973 0.5341348991429554 0.37684016488118954 0.5280445696573767 0.37684016488118954
0 0.549360722856902 0.369037916356271 0.5559585797996123 0.369037916356271 0.5559585797996123 0.3758224802909829 0.549360722856902 0.3758224802909829
0 0.45902083548748557 0.4762340265247196 0.4663799836158931 0.4762340265247196 0.4663799836158931 0.4874285570169942 0.45902083548748557 0.4874285570169942
0 0.4859197907154579 0.47894785209860435 0.4930251751152996 0.47894785209860435 0.4930251751152996 0.4887854698039366 0.4859197907154579 0.4887854698039366
0 0.5107886361149039 0.4847147314431094 0.5189090754290088 0.4847147314431094 0.5189090754290088 0.4935346645582349 0.5107886361149039 0.4935346645582349
0 0.5430166296427574 0.47860862390186865 0.5503757777711652 0.47860862390186865 0.5503757777711652 0.48878546980393656 0.5430166296427574 0.48878546980393656
0 0.5661091289422431 0.4782693957051331 0.5747370957134796 0.4782693957051331 0.5747370957134796 0.4867501006235231 0.5661091289422431 0.4867501006235231
0 0.48515849952976065 0.5376343301338625 0.4930251751152996 0.5376343301338625 0.4930251751152996 0.5450973504620458 0.48515849952976065 0.5450973504620458
0 0.5074897076435488 0.5325459071828286 0.5143413283148246 0.5325459071828286 0.5143413283148246 0.5430619812816322 0.5074897076435488 0.5430619812816322
0 0.5313434981287318 0.5274574842317947 0.5381951188000079 0.5274574842317947 0.5381951188000079 0.5366166455436558 0.5313434981287318 0.5366166455436558
0 0.5518983601425597 0.5261005714448523 0.5595112719995329 0.5261005714448523 0.5595112719995329 0.537295101937127 0.5518983601425597 0.537295101937127
0 0.4539455609161701 0.6244767484981757 0.46130470904457765 0.6244767484981757 0.46130470904457765 0.634314366203508 0.4539455609161701 0.634314366203508
0 0.47957569750131346 0.627529802268796 0.48769613681541824 0.627529802268796 0.48769613681541824 0.6377066481708639 0.47957569750131346 0.6377066481708639
0 0.5072359439149832 0.6265121176785892 0.5123112184862985 0.6265121176785892 0.5123112184862985 0.6380458763675995 0.5072359439149832 0.6380458763675995
0 0.5293133883002057 0.620745238334084 0.5351499540572185 0.620745238334084 0.5351499540572185 0.6302436278426808 0.5293133883002057 0.6302436278426808
0 0.55367470624252 0.6214236947275552 0.5595112719995329 0.6214236947275552 0.5595112719995329 0.6302436278426808 0.55367470624252 0.6302436278426808
0 0.45496061583043323 0.681467085549756 0.46130470904457765 0.681467085549756 0.46130470904457765 0.6933400724355018 0.45496061583043323 0.6933400724355018
0 0.4808445161441425 0.6831632265334342 0.4887111917296814 0.6831632265334342 0.4887111917296814 0.6909654750583529 0.4808445161441425 0.6909654750583529
0 0.504952070357891 0.6899477904681457 0.5115499273006012 0.6899477904681457 0.5115499273006012 0.6984284953865356 0.504952070357891 0.6984284953865356
0 0.531089734400166 0.6831632265334339 0.5364187727000472 0.6831632265334339 0.5364187727000472 0.6923223878452951 0.531089734400166 0.6923223878452951
0 0.5524058875996913 0.681467085549756 0.5617951455566249 0.681467085549756 0.5617951455566249 0.6916439314518239 0.5524058875996913 0.6916439314518239
0 0.4643498737873668 0.7903593367018825 0.47196278564434024 0.7903593367018825 0.47196278564434024 0.7988400416202723 0.4643498737873668 0.7988400416202723
0 0.4927714113867337 0.7923947058822962 0.49962303205800973 0.7923947058822962 0.49962303205800973 0.8008754108006861 0.4927714113867337 0.8008754108006861
0 0.521954240171798 0.7910377930953537 0.5265219872859819 0.7910377930953537 0.5265219872859819 0.7991792698170082 0.521954240171798 0.7991792698170082
0 0.5463155581141126 0.7879847393247335 0.5516445964139939 0.7879847393247335 0.5516445964139939 0.7974831288333302 0.5463155581141126 0.7974831288333302
0 0.5668704201279404 0.7910377930953537 0.5739758045277822 0.7910377930953537 0.5739758045277822 0.7991792698170082 0.5668704201279404 0.7991792698170082
0 0.45876707175891973 0.8453143045730492 0.4673950385301561 0.8453143045730492 0.4673950385301561 0.8517596403110257 0.45876707175891973 0.8517596403110257
0 0.5156101469576537 0.8436181635893714 0.523223058814627 0.8436181635893714 0.523223058814627 0.8504027275240832 0.5156101469576537 0.8504027275240832
0 0.5414940472713629 0.8426004789991646 0.5468230855712439 0.8426004789991646 0.5468230855712439 0.8510811839175543 0.5414940472713629 0.8510811839175543
0 0.5617951455566249 0.840565109818751 0.5681392387707693 0.840565109818751 0.5681392387707693 0.849724271130612 0.5617951455566249 0.849724271130612
0 0.582096243841887 0.8388689688350731 0.5894553919702947 0.8388689688350731 0.5894553919702947 0.8483673583436697 0.582096243841887 0.8483673583436697
