0 0.4527823690461432 0.3156701609911144 0.4594934759173042 0.3156701609911144 0.4594934759173042 0.3249218390839035 0.4527823690461432 0.3249218390839035
0 0.47228652339045496 0.3159505148727141 0.47857818608216846 0.3159505148727141 0.47857818608216846 0.323520069675905 0.47228652339045496 0.323520069675905
0 0.4940976207217283 0.3176326381623121 0.500179561323718 0.3176326381623121 0.500179561323718 0.323520069675905 0.4940976207217283 0.323520069675905
0 0.5104559437201833 0.31847369980711104 0.5156989959632778 0.31847369980711104 0.5156989959632778 0.32688431625510106 0.5104559437201833 0.32688431625510106
0 0.5305892643336664 0.3173522842807124 0.5368809270253798 0.3173522842807124 0.5368809270253798 0.32548254684710276 0.5305892643336664 0.32548254684710276
0 0.4567670887508951 0.37874978435103945 0.4645268060706751 0.37874978435103945 0.4645268060706751 0.38772110856222886 0.4567670887508951 0.38772110856222886
0 0.4836115162355392 0.37314270671904615 0.48885456847863373 0.37314270671904615 0.48885456847863373 0.3823943848118351 0.4836115162355392 0.3823943848118351
0 0.506890668194879 0.3723016450742471 0.5127628867071449 0.3723016450742471 0.5127628867071449 0.3807122615222372 0.506890668194879 0.3807122615222372
0 0.5278628771672572 0.3686570446134514 0.533735095679523 0.3686570446134514 0.533735095679523 0.3770676610614414 0.5278628771672572 0.3770676610614414
0 0.5496739744985305 0.3700588140214498 0.5551267488313488 0.3700588140214498 0.5551267488313488 0.3759462455350428 0.5496739744985305 0.3759462455350428
0 0.46033236427619945 0.4777147045557219 0.4662045827884654 0.4777147045557219 0.4662045827884654 0.4872467365301106 0.46033236427619945 0.4872467365301106
0 0.48528929295332957 0.48023788949011886 0.4930490102731095 0.48023788949011886 0.4930490102731095 0.4889288598197085 0.48528929295332957 0.4889288598197085
0 0.5121337204379737 0.48416284383251423 0.5180059389502395 0.48416284383251423 0.5180059389502395 0.49369487580690297 0.5121337204379737 0.49369487580690297
0 0.5444309222554361 0.4785557662005209 0.5496739744985305 0.4785557662005209 0.5496739744985305 0.4894895675829079 0.5444309222554361 0.4894895675829079
0 0.5677100742147758 0.47939682784531984 0.574211458996213 0.47939682784531984 0.574211458996213 0.4861253210037119 0.5677100742147758 0.4861253210037119
0 0.484869848773882 0.536589019691652 0.49304901027310943 0.536589019691652 0.49304901027310943 0.5464014055476404 0.484869848773882 0.5464014055476404
0 0.507939278643498 0.533224773112456 0.5140212192454877 0.533224773112456 0.5140212192454877 0.542476451205245 0.507939278643498 0.542476451205245
0 0.531008708513114 0.5278980493620623 0.5387684258328939 0.5278980493620623 0.5387684258328939 0.537430081336451 0.531008708513114 0.537430081336451
0 0.5517711953957684 0.526496279954064 0.5582725801772058 0.526496279954064 0.5582725801772058 0.5368693735732517 0.5517711953957684 0.5368693735732517
0 0.45299209113586714 0.6257415540403461 0.46159069681454223 0.6257415540403461 0.46159069681454223 0.6344325243699358 0.45299209113586714 0.6344325243699358
0 0.48130457324857767 0.6277040312115438 0.4861281813122247 0.6277040312115438 0.4861281813122247 0.6380771248307314 0.48130457324857767 0.6380771248307314
0 0.5064712240154315 0.6265826156851452 0.5119239983482499 0.6265826156851452 0.5119239983482499 0.6372360631859324 0.5064712240154315 0.6372360631859324
0 0.5295406538850476 0.6223773074611502 0.5352031503075897 0.6223773074611502 0.5352031503075897 0.6316289855539391 0.5295406538850476 0.6316289855539391
0 0.5534489721135587 0.6215362458163511 0.5599503568949958 0.6215362458163511 0.5599503568949958 0.6302272161459407 0.5534489721135587 0.6302272161459407
0 0.45425042367420976 0.6826533920050785 0.4611712526350946 0.6826533920050785 0.4611712526350946 0.6924657778610668 0.45425042367420976 0.6924657778610668
0 0.4808851290691301 0.6834944536498775 0.4886448463889101 0.6834944536498775 0.4886448463889101 0.6919050700978676 0.4808851290691301 0.6919050700978676
0 0.5054226135668126 0.6896622390450702 0.510665665809907 0.6896622390450702 0.510665665809907 0.6980728554930602 0.5054226135668126 0.6980728554930602
0 0.5305892643336665 0.6826533920050785 0.536671204935656 0.6826533920050785 0.536671204935656 0.6924657778610668 0.5305892643336665 0.6924657778610668
0 0.5538684162930062 0.6826533920050785 0.5609989673436147 0.6826533920050785 0.5609989673436147 0.6919050700978675 0.5538684162930062 0.6919050700978675
0 0.46452680607067515 0.7891878670129518 0.4714476350315599 0.7891878670129518 0.4714476350315599 0.7987198989873404 0.46452680607067515 0.7987198989873404
0 0.4917906777347668 0.7925521135921479 0.49955039505454674 0.7925521135921479 0.49955039505454674 0.8001216683953388 0.4917906777347668 0.8001216683953388
0 0.5211517702960963 0.7891878670129518 0.5274434329878097 0.7891878670129518 0.5274434329878097 0.8001216683953388 0.5211517702960963 0.8001216683953388
0 0.5454795327040549 0.7875057437233539 0.5521906395752157 0.7875057437233539 0.5521906395752157 0.7964770679345432 0.5454795327040549 0.7964770679345432
0 0.5670809079456045 0.7903092825393507 0.5735822927270418 0.7903092825393507 0.5735822927270418 0.7987198989873406 0.5670809079456045 0.7987198989873406
0 0.4590740317378568 0.8444175816880863 0.46767263741653187 0.8444175816880863 0.46767263741653187 0.8528281981360764 0.4590740317378568 0.8528281981360764
0 0.515698995963278 0.8430158122800878 0.5245073237316767 0.8430158122800878 0.5245073237316767 0.850585367083279 0.515698995963278 0.850585367083279
0 0.5417045350890268 0.8416140428720896 0.54631842106295 0.8416140428720896 0.54631842106295 0.8531085520176759 0.5417045350890268 0.8531085520176759
0 0.5612086894333386 0.840492627345691 0.5677100742147758 0.840492627345691 0.5677100742147758 0.8497443054384799 0.5612086894333386 0.8497443054384799
0 0.5815517321365454 0.8388105040560929 0.5893114494563253 0.8388105040560929 0.5893114494563253 0.84974430543848 0.5815517321365454 0.84974430543848
