0 0.4492905828872496 0.31289291771393896 0.45601575771439484 0.31289291771393896 0.45601575771439484 0.32216398935874385 0.4492905828872496 0.32216398935874385
0 0.4685228540007017 0.31391981662789736 0.4761152257306566 0.31391981662789736 0.4761152257306566 0.32216619447189626 0.4685228540007017 0.32216619447189626
0 0.4899950302994803 0.31407840081720506 0.4966383555631907 0.31407840081720506 0.4966383555631907 0.32216619447189626 0.4899950302994803 0.32216619447189626
0 0.5063660818421953 0.31582282689958946 0.5124162530645032 0.31582282689958946 0.5124162530645032 0.324227788932896 0.5063660818421953 0.324227788932896
0 0.52700784248301 0.31455415338512804 0.5336511677467204 0.31455415338512804 0.5336511677467204 0.3235934521756653 0.52700784248301 0.3235934521756653
0 0.45393126458219485 0.3778292449188885 0.46093048227074707 0.3778292449188885 0.46093048227074707 0.38496553343773365 0.45393126458219485 0.38496553343773365
0 0.47860647270454815 0.371803045725197 0.48608021362622233 0.371803045725197 0.48608021362622233 0.3800494235691959 0.47860647270454815 0.3800494235691959
0 0.502807157593779 0.36974145126419733 0.5092132212409284 0.36974145126419733 0.5092132212409284 0.37893933424404214 0.502807157593779 0.37893933424404214
0 0.5243979647008364 0.3664111832887363 0.5300922434983026 0.3664111832887363 0.5300922434983026 0.3746575611327354 0.5243979647008364 0.3746575611327354
0 0.5461074026161775 0.367997025181813 0.5522762046467659 0.367997025181813 0.5522762046467659 0.3743403927541198 0.5461074026161775 0.3743403927541198
0 0.4563038807478058 0.4758342739110286 0.46294720601151623 0.4758342739110286 0.46294720601151623 0.4845564043229505 0.4563038807478058 0.4845564043229505
0 0.48180950452812277 0.47757869999341307 0.48999503029948027 0.47757869999341307 0.48999503029948027 0.48614224621602714 0.48180950452812277 0.48614224621602714
0 0.5071964975001592 0.48138472053679715 0.5151447616549556 0.48138472053679715 0.5151447616549556 0.49137552446318034 0.5071964975001592 0.49137552446318034
0 0.5404131238187114 0.4771029474254901 0.5468191874658608 0.4771029474254901 0.5468191874658608 0.48645941459464254 0.5404131238187114 0.48645941459464254
0 0.5617666693092094 0.4774201158041053 0.5706639799302502 0.4774201158041053 0.5706639799302502 0.48376348337641223 0.5617666693092094 0.48376348337641223
0 0.4815722429115617 0.5349861765227896 0.4894018762580776 0.5349861765227896 0.4894018762580776 0.5422810492309424 0.4815722429115617 0.5422810492309424
0 0.5039934656765845 0.5303872350328672 0.5103995293237338 0.5303872350328672 0.5103995293237338 0.5400608705806351 0.5039934656765845 0.5400608705806351
0 0.5276009965244127 0.5249953725964064 0.5351933682543675 0.5249953725964064 0.5351933682543675 0.5348275923334819 0.5276009965244127 0.5348275923334819
0 0.547530972315544 0.5243610358391757 0.5554792364703405 0.5243610358391757 0.5554792364703405 0.5341932555762513 0.547530972315544 0.5341932555762513
0 0.4502537095254981 0.6233175699671619 0.4577274504471723 0.6233175699671619 0.4577274504471723 0.631881116189776 0.4502537095254981 0.631881116189776
0 0.47682701058033994 0.625696332806777 0.4828771818026476 0.625696332806777 0.4828771818026476 0.6358457209224678 0.47682701058033994 0.6358457209224678
0 0.5019767419358152 0.6249034118602387 0.5085014363912452 0.6249034118602387 0.5085014363912452 0.6355285525438525 0.5019767419358152 0.6355285525438525
0 0.5248724879339602 0.6191943810451624 0.5319903364307927 0.6191943810451624 0.5319903364307927 0.6288680165929305 0.5248724879339602 0.6288680165929305
0 0.5491918036314717 0.6195115494237778 0.5555978672786211 0.6195115494237778 0.5555978672786211 0.6285508482143151 0.5491918036314717 0.6285508482143151
0 0.45132138680002293 0.6808836306858462 0.45725292721405014 0.6808836306858462 0.45725292721405014 0.6894471769084602 0.45132138680002293 0.6894471769084602
0 0.4776574262383037 0.6823108883896153 0.4847752747351363 0.6823108883896153 0.4847752747351363 0.6894471769084604 0.4776574262383037 0.6894471769084604
0 0.5020953727440958 0.6869098298795376 0.5075523899250008 0.6869098298795376 0.5075523899250008 0.696900633805921 0.5020953727440958 0.696900633805921
0 0.5265333192498878 0.6812007990644616 0.5327021212804761 0.6812007990644616 0.5327021212804761 0.6899229294763832 0.5265333192498878 0.6899229294763832
0 0.5500222192894355 0.6799321255500002 0.5572586985945488 0.6799321255500002 0.5572586985945488 0.6892885927191527 0.5500222192894355 0.6892885927191527
0 0.460930482270747 0.7866592849540621 0.4680483307675796 0.7866592849540621 0.4680483307675796 0.7968086730697532 0.460930482270747 0.7968086730697532
0 0.48774104494215 0.7909410580653694 0.4955706782886658 0.7909410580653694 0.4955706782886658 0.7976015940162917 0.48774104494215 0.7976015940162917
0 0.5173987470122859 0.7895138003616005 0.5239234414677159 0.7895138003616005 0.5239234414677159 0.7977601782055993 0.5173987470122859 0.7977601782055993
0 0.5414808010932364 0.7849148588716779 0.5476496031238246 0.7849148588716779 0.5476496031238246 0.7953814153659842 0.5414808010932364 0.7953814153659842
0 0.562122561734051 0.7885622952257543 0.5701894566971281 0.7885622952257543 0.5701894566971281 0.7971258414483684 0.562122561734051 0.7971258414483684
0 0.4552362034732809 0.8418465828331314 0.46306583681979685 0.8418465828331314 0.46306583681979685 0.8504101290557456 0.4552362034732809 0.8504101290557456
0 0.5119417298313809 0.8412122460759008 0.5198899939861772 0.8412122460759008 0.5198899939861772 0.8489828713519768 0.5119417298313809 0.8489828713519768
0 0.5360237839123313 0.8401021567507472 0.5430230016008833 0.8401021567507472 0.5430230016008833 0.8491414555412843 0.5360237839123313 0.8491414555412843
0 0.5576145910193904 0.8381991464790552 0.5637833930499786 0.8381991464790552 0.5637833930499786 0.847872782026823 0.5576145910193904 0.847872782026823
0 0.5771886743856801 0.838674899046978 0.5862046158150014 0.838674899046978 0.5862046158150014 0.8466041085123617 0.5771886743856801 0.8466041085123617
