0 0.14303100099046456 0.025031893440973032 0.14927280387690872 0.025031893440973032 0.14927280387690872 0.03368489364279086 0.14303100099046456 0.03368489364279086
0 0.16406818849662827 0.02441382199798604 0.17169705869117116 0.02441382199798604 0.17169705869117116 0.03399392936428436 0.16406818849662827 0.03399392936428436
0 0.19227189042796863 0.027504179212920983 0.1999007606225115 0.027504179212920983 0.1999007606225115 0.03584814369324533 0.19227189042796863 0.03584814369324533
0 0.21515850101159728 0.02379575055499905 0.224405616398922 0.02379575055499905 0.224405616398922 0.029049357820388453 0.21515850101159728 0.029049357820388453
0 0.2477545827519169 0.02379575055499905 0.25492109717709355 0.02379575055499905 0.25492109717709355 0.03059453642785593 0.2477545827519169 0.03059453642785593
0 0.1434933567598308 0.07571375176590607 0.15158458272373992 0.07571375176590607 0.15158458272373992 0.08745710918265887 0.1434933567598308 0.08745710918265887
0 0.16822939042092439 0.07756796609486703 0.1758582606154673 0.07756796609486703 0.1758582606154673 0.0852938591322044 0.16822939042092439 0.0852938591322044
0 0.19088482311986993 0.08004025186681499 0.19990076062251147 0.08004025186681499 0.19990076062251147 0.08776614490415235 0.19088482311986993 0.08776614490415235
0 0.216545568319696 0.07787700181636054 0.22417443851423888 0.07787700181636054 0.22417443851423888 0.0852938591322044 0.216545568319696 0.0852938591322044
0 0.24521162602040258 0.07293243027246463 0.25052871736811433 0.07293243027246463 0.25052871736811433 0.08313060908174993 0.24521162602040258 0.08313060908174993
0 0.13910097695085155 0.16224375378408445 0.14742338079944375 0.16224375378408445 0.14742338079944375 0.17027868254291528 0.13910097695085155 0.17027868254291528
0 0.1723905923452205 0.16224375378408445 0.17724532792356604 0.16224375378408445 0.17724532792356604 0.1712057897073958 0.1723905923452205 0.1712057897073958
0 0.19504602504416602 0.1603895394551235 0.2024437173540258 0.1603895394551235 0.2024437173540258 0.16966061109992828 0.19504602504416602 0.16966061109992828
0 0.2220938375520908 0.16749736104947385 0.22833564043853502 0.16749736104947385 0.22833564043853502 0.17645939697278526 0.2220938375520908 0.17645939697278526
0 0.24914165006001562 0.16378893239155193 0.2539963856383611 0.16378893239155193 0.2539963856383611 0.17491421836531773 0.24914165006001562 0.17491421836531773
0 0.14164393368236586 0.2178701836529134 0.14927280387690875 0.2178701836529134 0.14927280387690875 0.22621414813323779 0.14164393368236586 0.22621414813323779
0 0.1511222269543737 0.21230754066603053 0.1587510971489166 0.21230754066603053 0.1587510971489166 0.22096054086784833 0.1511222269543737 0.22096054086784833
0 0.204755496200857 0.22590511241174427 0.2109972990873012 0.22590511241174427 0.2109972990873012 0.23424907689206861 0.204755496200857 0.23424907689206861
0 0.23319037601688047 0.21848825509590036 0.240125712557374 0.21848825509590036 0.240125712557374 0.22775932674070523 0.23319037601688047 0.22775932674070523
0 0.26416821256441825 0.22497800524726375 0.2687917702580806 0.22497800524726375 0.2687917702580806 0.23363100544908164 0.26416821256441825 0.23363100544908164
0 0.13979451060490092 0.319542936024273 0.14580513560666197 0.319542936024273 0.14580513560666197 0.3309772577195323 0.13979451060490092 0.3309772577195323
0 0.16221876541916333 0.32232425751771443 0.16869174619029062 0.32232425751771443 0.16869174619029062 0.3306682219980388 0.16221876541916333 0.3306682219980388
0 0.1839494865793764 0.31737968597381855 0.1927342461973349 0.31737968597381855 0.1927342461973349 0.3285049719475843 0.1839494865793764 0.3285049719475843
0 0.14025686637426715 0.36867961574173863 0.14603631349134508 0.36867961574173863 0.14603631349134508 0.3788777945510239 0.14025686637426715 0.3788777945510239
0 0.1626811211885296 0.3717699729566736 0.16984763561370625 0.3717699729566736 0.16984763561370625 0.38196815176595883 0.1626811211885296 0.38196815176595883
0 0.18556773177215824 0.36713443713427113 0.19389013562075047 0.36713443713427113 0.19389013562075047 0.3754784016145955 0.18556773177215824 0.3754784016145955
0 0.21076612120261803 0.3674434728557646 0.21585203466564662 0.3674434728557646 0.21585203466564662 0.3779506873865434 0.21076612120261803 0.3779506873865434
0 0.23249684236283114 0.3705338300706995 0.23827628947990911 0.3705338300706995 0.23827628947990911 0.38104104460147836 0.23249684236283114 0.38104104460147836
0 0.21978205870525966 0.3241784718466754 0.22717975101511945 0.3241784718466754 0.22717975101511945 0.3353037578204412 0.21978205870525966 0.3353037578204412
0 0.25422756352304415 0.3244875075681689 0.2611629000635377 0.3244875075681689 0.2611629000635377 0.3349947220989478 0.25422756352304415 0.3349947220989478
0 0.13285917406440736 0.4737517610495266 0.1407192221436334 0.4737517610495266 0.1407192221436334 0.4824047612513444 0.13285917406440736 0.4824047612513444
0 0.15574578464803604 0.472824653885046 0.1631434769578958 0.472824653885046 0.1631434769578958 0.47993247547939644 0.15574578464803604 0.47993247547939644
0 0.177245327923566 0.4715885109990722 0.1841806644640595 0.4715885109990722 0.1841806644640595 0.4811686183653705 0.177245327923566 0.4811686183653705
0 0.1994384048531453 0.4725156181635527 0.20660491927832192 0.4725156181635527 0.20660491927832192 0.482713796972838 0.1994384048531453 0.482713796972838
0 0.2253303279376545 0.4746788682140071 0.23411508755561294 0.4746788682140071 0.23411508755561294 0.48394993985881196 0.2253303279376545 0.48394993985881196
0 0.13609566444997104 0.5259787979819271 0.1444180682985633 0.5259787979819271 0.1444180682985633 0.5349408339052384 0.13609566444997104 0.5349408339052384
0 0.1603693423416984 0.5315414409688101 0.16730467888219197 0.5315414409688101 0.16730467888219197 0.5420486554995889 0.1603693423416984 0.5420486554995889
0 0.1825624192712777 0.5272149408679011 0.18972893369645435 0.5272149408679011 0.18972893369645435 0.535867941069719 0.1825624192712777 0.535867941069719
0 0.20406196254680764 0.5265968694249141 0.21122847697198427 0.5265968694249141 0.21122847697198427 0.536486012512706 0.20406196254680764 0.536486012512706
0 0.23157213082409867 0.5281420480323816 0.23896982313395834 0.5281420480323816 0.23896982313395834 0.5374131196771865 0.23157213082409867 0.5374131196771865
0 0.1330903519490905 0.6193075858729624 0.14048804425895023 0.6193075858729624 0.14048804425895023 0.6285786575177673 0.1330903519490905 0.6285786575177673
0 0.15759520772550098 0.6180714429869884 0.1624499433038464 0.6180714429869884 0.1624499433038464 0.6282696217962737 0.15759520772550098 0.6282696217962737
0 0.17608943850015038 0.6214708359234168 0.18325595292532704 0.6214708359234168 0.18325595292532704 0.6285786575177672 0.17608943850015038 0.6285786575177672
0 0.20868552024047 0.6242521574168584 0.2163143904350129 0.6242521574168584 0.2163143904350129 0.6344503362261436 0.20868552024047 0.6344503362261436
0 0.23920100101864153 0.6239431216953648 0.24706104909786755 0.6239431216953648 0.24706104909786755 0.6335232290616629 0.23920100101864153 0.6335232290616629
0 0.1381762654121191 0.6755520871847783 0.1446492461832464 0.6755520871847783 0.1446492461832464 0.6829689445006222 0.1381762654121191 0.6829689445006222
0 0.15389636157057107 0.6591731939456231 0.1617564096497971 0.6591731939456231 0.1617564096497971 0.667826194147441 0.15389636157057107 0.667826194147441
0 0.18464302023342577 0.6693713727549083 0.19180953465860243 0.6693713727549083 0.19180953465860243 0.6783334086782197 0.18464302023342577 0.6783334086782197
0 0.2128467221647661 0.6740069085773108 0.220475592359309 0.6740069085773108 0.220475592359309 0.6826599087791286 0.2128467221647661 0.6826599087791286
0 0.2345774433249792 0.670916551362376 0.2422063135195221 0.670916551362376 0.2422063135195221 0.6808056944501677 0.2345774433249792 0.6808056944501677
0 0.1344774192571892 0.7719712322907485 0.1409504000283165 0.7719712322907485 0.1409504000283165 0.7827874825430209 0.1344774192571892 0.7827874825430209
0 0.15089104906969056 0.7793880896065923 0.157595207725501 0.7793880896065923 0.157595207725501 0.7889681969728906 0.15089104906969056 0.7889681969728906
0 0.1735464817686361 0.7781519467206184 0.17955710677039716 0.7781519467206184 0.17955710677039716 0.787423018365423 0.1735464817686361 0.787423018365423
0 0.2015190058152934 0.7753706252271769 0.20845434235578686 0.7753706252271769 0.20845434235578686 0.7852597683149688 0.2015190058152934 0.7852597683149688
0 0.2234809048601895 0.7793880896065923 0.2292603519772675 0.7793880896065923 0.2292603519772675 0.7902043398588647 0.2234809048601895 0.7902043398588647
0 0.1367891981040204 0.8251253763876295 0.14372453464451393 0.8251253763876295 0.14372453464451393 0.8325422337034734 0.1367891981040204 0.8325422337034734
0 0.15759520772550098 0.828524769324058 0.163605832727262 0.828524769324058 0.163605832727262 0.8387229481333434 0.15759520772550098 0.8387229481333434
0 0.17840121734698158 0.8340874123109409 0.18603008754152447 0.8340874123109409 0.18603008754152447 0.8402681267408106 0.17840121734698158 0.8402681267408106
0 0.19597073658289854 0.8340874123109409 0.20452431831617388 0.8340874123109409 0.20452431831617388 0.8424313767912652 0.19597073658289854 0.8424313767912652
0 0.20961023177920246 0.8402681267408105 0.21747027985842843 0.8402681267408105 0.21747027985842843 0.846757876892174 0.20961023177920246 0.846757876892174
0 0.24891047217533246 0.8371777695258757 0.25653934236987536 0.8371777695258757 0.25653934236987536 0.8458307697276937 0.24891047217533246 0.8458307697276937
0 0.4511911212730606 0.0 0.45812645781355404 0.0 0.45812645781355404 0.007416857315843861 0.4511911212730606 0.007416857315843861
0 0.46991652993239313 0.003090357214934941 0.4766206885882035 0.003090357214934941 0.4766206885882035 0.012979500302726755 0.46991652993239313 0.012979500302726755
0 0.49511491936285296 0.007416857315843861 0.5011255443646141 0.007416857315843861 0.5011255443646141 0.01699696468214218 0.49511491936285296 0.01699696468214218
0 0.5180015299464815 0.0027813214934414477 0.5240121549482427 0.0027813214934414477 0.5240121549482427 0.010507214530778802 0.5180015299464815 0.010507214530778802
0 0.540425784760744 0.006489750151363378 0.5478234770706037 0.006489750151363378 0.5478234770706037 0.012361428859739768 0.540425784760744 0.012361428859739768
0 0.45188465492710994 0.0587167870837639 0.46182530396848404 0.0587167870837639 0.46182530396848404 0.06520653723512727 0.45188465492710994 0.06520653723512727
0 0.4729218424332736 0.05778967991928342 0.4819377799359152 0.05778967991928342 0.4819377799359152 0.06458846579214028 0.4729218424332736 0.06458846579214028
0 0.49788905397905037 0.04944571543895906 0.5048243905195439 0.04944571543895906 0.5048243905195439 0.057480644197789914 0.49788905397905037 0.057480644197789914
0 0.5177703520617984 0.05037282260343956 0.5244745107176089 0.05037282260343956 0.5244745107176089 0.05964389424824437 0.5177703520617984 0.05964389424824437
0 0.5434310972616245 0.049136679717465576 0.5501352559174348 0.049136679717465576 0.5501352559174348 0.058098715640776906 0.5434310972616245 0.058098715640776906
0 0.450035231849645 0.1538997893037601 0.45650821262077224 0.1538997893037601 0.45650821262077224 0.1647160395560324 0.450035231849645 0.1647160395560324
0 0.4722283087792243 0.1492642534813577 0.4782389337809853 0.1492642534813577 0.4782389337809853 0.15853532512616253 0.4722283087792243 0.15853532512616253
0 0.49280314051602175 0.1538997893037601 0.4983514097484166 0.1538997893037601 0.4983514097484166 0.16533411099901937 0.49280314051602175 0.16533411099901937
0 0.511066193405988 0.15235461069629264 0.5182327078311648 0.15235461069629264 0.5182327078311648 0.16224375378408445 0.511066193405988 0.16224375378408445
0 0.5327969145662012 0.15235461069629264 0.5392698953373284 0.15235461069629264 0.5392698953373284 0.16193471806259094 0.5327969145662012 0.16193471806259094
0 0.4479546308874969 0.21076236205856305 0.45581467896672284 0.21076236205856305 0.45581467896672284 0.22126957658934188 0.4479546308874969 0.22126957658934188
0 0.46760475108556177 0.21107139778005654 0.4745400876260554 0.21107139778005654 0.4745400876260554 0.2206515051463549 0.46760475108556177 0.2206515051463549
0 0.48494309243679573 0.2042726119071997 0.4930343184007048 0.2042726119071997 0.4930343184007048 0.2123075406660305 0.48494309243679573 0.2123075406660305
0 0.5080608809051075 0.20149129041375824 0.5163832847536997 0.20149129041375824 0.5163832847536997 0.21107139778005654 0.5080608809051075 0.21107139778005654
0 0.5265551116797568 0.20087321897077126 0.5344151597589828 0.20087321897077126 0.5344151597589828 0.21014429061557607 0.5265551116797568 0.21014429061557607
0 0.44887934242622923 0.31892486458128605 0.45743292415950465 0.31892486458128605 0.45743292415950465 0.3300501505550518 0.44887934242622923 0.3300501505550518
0 0.475695977049471 0.3198519717457665 0.4833248472440138 0.3198519717457665 0.4833248472440138 0.3297411148335583 0.475695977049471 0.3297411148335583
0 0.5036685010961282 0.3084176500505072 0.5106038376366218 0.3084176500505072 0.5106038376366218 0.320779078910247 0.5036685010961282 0.320779078910247
0 0.5279421789878556 0.3090357214934942 0.534646337643666 0.3090357214934942 0.534646337643666 0.3198519717457665 0.5279421789878556 0.3198519717457665
0 0.5561458809191959 0.3115080072654422 0.5623876838056401 0.3115080072654422 0.5623876838056401 0.3238694361251819 0.5561458809191959 0.3238694361251819
0 0.45581467896672284 0.3705338300706995 0.46459943858468133 0.3705338300706995 0.46459943858468133 0.3788777945510238 0.45581467896672284 0.3788777945510238
0 0.481475424166549 0.3674434728557646 0.4897978280151412 0.3674434728557646 0.4897978280151412 0.37547840161459545 0.481475424166549 0.37547840161459545
0 0.5052867462889101 0.36033565126141415 0.5131467943681361 0.36033565126141415 0.5131467943681361 0.3705338300706995 0.5052867462889101 0.3705338300706995
0 0.5274798232184895 0.3553910797175183 0.5355710491823985 0.3553910797175183 0.5355710491823985 0.3646621513623231 0.5274798232184895 0.3646621513623231
0 0.5494417222633856 0.3560091511605053 0.5573017703426116 0.3560091511605053 0.5573017703426116 0.3652802228053102 0.5494417222633856 0.3652802228053102
0 0.4502664097343281 0.4697342966701112 0.45812645781355404 0.4697342966701112 0.45812645781355404 0.4805505469223835 0.4502664097343281 0.4805505469223835
0 0.47592715493415416 0.4722065824420592 0.4863301597448944 0.4722065824420592 0.4863301597448944 0.48024151120089004 0.47592715493415416 0.48024151120089004
0 0.4944213857088036 0.47035236811309816 0.5022814337880297 0.47035236811309816 0.5022814337880297 0.4783872968719291 0.4944213857088036 0.4783872968719291
0 0.5180015299464815 0.46726201089816327 0.5284045347572219 0.46726201089816327 0.5284045347572219 0.4762240468214745 0.5180015299464815 0.4762240468214745
0 0.542506385722892 0.4654077965692022 0.5517535011102168 0.4654077965692022 0.5517535011102168 0.4756059753784876 0.542506385722892 0.4756059753784876
0 0.44911052031091253 0.5244336193744596 0.45581467896672284 0.5244336193744596 0.45581467896672284 0.534013726740758 0.44911052031091253 0.534013726740758
0 0.4731530203179567 0.5231974764884857 0.47962600108908404 0.5231974764884857 0.47962600108908404 0.5321595124117969 0.4731530203179567 0.5321595124117969
0 0.5036685010961283 0.5207251907165378 0.5094479482132063 0.5207251907165378 0.5094479482132063 0.530923369525823 0.5036685010961283 0.530923369525823
0 0.5226250876401439 0.5219613336025117 0.5297916020653207 0.5219613336025117 0.5297916020653207 0.5315414409688101 0.5226250876401439 0.5315414409688101
0 0.5492105443787024 0.5228884407669921 0.5570705924579284 0.5228884407669921 0.5570705924579284 0.5318504766903035 0.5492105443787024 0.5318504766903035
0 0.4555873956608141 0.627705336708756 0.4614719236345662 0.627705336708756 0.4614719236345662 0.6372573499185549 0.4555873956608141 0.6372573499185549
0 0.4709292007352392 0.6279862782737501 0.47828486070242926 0.6279862782737501 0.47828486070242926 0.6381001746135372 0.4709292007352392 0.6381001746135372
0 0.49740957661712365 0.6271434535787678 0.5051855600110103 0.6271434535787678 0.5051855600110103 0.6350098173986022 0.49740957661712365 0.6350098173986022
0 0.5205273650854354 0.6293909860987205 0.5262017313458393 0.6293909860987205 0.5262017313458393 0.6392239408735134 0.5205273650854354 0.6392239408735134
0 0.5390215958600848 0.6279862782737501 0.5478483878207129 0.6279862782737501 0.5478483878207129 0.634447934268614 0.5390215958600848 0.634447934268614
0 0.45054351454045516 0.6810842340576323 0.45768901279429697 0.6810842340576323 0.45768901279429697 0.690074364137443 0.45054351454045516 0.690074364137443
0 0.47492227328885667 0.6838936497075732 0.4833287418227881 0.6838936497075732 0.4833287418227881 0.6917600135274076 0.47492227328885667 0.6917600135274076
0 0.49782990004382016 0.6867030653575141 0.5056058834377068 0.6867030653575141 0.5056058834377068 0.6951313123073366 0.49782990004382016 0.6951313123073366
0 0.5251509227790977 0.6779938768426974 0.5306151273261532 0.6779938768426974 0.5306151273261532 0.6875458900524962 0.5251509227790977 0.6875458900524962
0 0.5413333747069159 0.679960467797656 0.5488991963874543 0.679960467797656 0.5488991963874543 0.6903553057024371 0.5413333747069159 0.6903553057024371
0 0.4549569105207692 0.7858754378004261 0.4623125704879594 0.7858754378004261 0.4623125704879594 0.7971131004001897 0.4549569105207692 0.7971131004001897
0 0.4549569105207692 0.8364449194993617 0.4600007916411282 0.8364449194993617 0.4600007916411282 0.847401640534131 0.4549569105207692 0.847401640534131
0 0.478074698989081 0.8353211532393854 0.486060844096316 0.8353211532393854 0.486060844096316 0.8459969327091605 0.478074698989081 0.8459969327091605
0 0.4791255075558225 0.7782900155455859 0.4856405206696194 0.7782900155455859 0.4856405206696194 0.7875610871903906 0.4791255075558225 0.7875610871903906
0 0.5009823257440444 0.8288594972445213 0.507917662284538 0.8288594972445213 0.507917662284538 0.8392543351493027 0.5009823257440444 0.8392543351493027
0 0.5022432960241343 0.7808184896305328 0.5104396028447176 0.7808184896305328 0.5104396028447176 0.7903705028403316 0.5022432960241343 0.7903705028403316
0 0.5293541570460635 0.7819422558905091 0.535448846733164 0.7819422558905091 0.535448846733164 0.7923370937952903 0.5293541570460635 0.7923370937952903
0 0.5470077409673197 0.7827850805854913 0.5552040477879031 0.7827850805854913 0.5552040477879031 0.7917752106653021 0.5470077409673197 0.7917752106653021
0 0.5310354507528499 0.8277357309845451 0.5386012724333884 0.8277357309845451 0.5386012724333884 0.8375686857593381 0.5310354507528499 0.8375686857593381
0 0.5552040477879031 0.8319498544594561 0.563190192895138 0.8319498544594561 0.563190192895138 0.8403781014092788 0.5552040477879031 0.8403781014092788
