0 0.14307420361337386 0.018996800037165817 0.14986380066369423 0.018996800037165817 0.14986380066369423 0.029128426723654254 0.14307420361337386 0.029128426723654254
0 0.16375878997597776 0.019841102261039852 0.17244315829615503 0.019841102261039852 0.17244315829615503 0.02849520005574872 0.16375878997597776 0.02849520005574872
0 0.19454882311115163 0.024062613380410033 0.20070682973818635 0.024062613380410033 0.20070682973818635 0.03166133339527636 0.19454882311115163 0.03166133339527636
0 0.21618079510868393 0.018785724481197304 0.22486516342886115 0.018785724481197304 0.22486516342886115 0.025962293384126613 0.21618079510868393 0.025962293384126613
0 0.2485498043020718 0.019418951149102835 0.25549729895821355 0.019418951149102835 0.25549729895821355 0.027228746719937667 0.2485498043020718 0.027228746719937667
0 0.14291630600755248 0.0721878401412301 0.15254805996265813 0.0721878401412301 0.15254805996265813 0.08274161793965555 0.14291630600755248 0.08274161793965555
0 0.16881151336226272 0.07324321792107265 0.17796957449990414 0.07324321792107265 0.17796957449990414 0.081686240159813 0.16881151336226272 0.081686240159813
0 0.19028558775397367 0.07493182236882072 0.1991278536799723 0.07493182236882072 0.1991278536799723 0.0859077512791832 0.19028558775397367 0.0859077512791832
0 0.21697028313779096 0.0742985957009152 0.22502306103468256 0.0742985957009152 0.22502306103468256 0.08231946682771854 0.21697028313779096 0.08231946682771854
0 0.24697082824385774 0.070077084581545 0.25170775641849985 0.070077084581545 0.25170775641849985 0.07999763571206493 0.24697082824385774 0.07999763571206493
0 0.13881096825619596 0.16168387587187794 0.14639005333562335 0.16168387587187794 0.14639005333562335 0.17054904922255532 0.13881096825619596 0.17054904922255532
0 0.17054838702629815 0.16189495142784643 0.17607480323004732 0.16189495142784643 0.17607480323004732 0.17139335144642937 0.17054838702629815 0.17139335144642937
0 0.19296984705293757 0.15999527142412986 0.2018121129789362 0.15999527142412986 0.2018121129789362 0.16907152033077577 0.19296984705293757 0.16907152033077577
0 0.22028613286004048 0.16738291588302764 0.22881260357439623 0.16738291588302764 0.22881260357439623 0.17667024034564205 0.22028613286004048 0.17667024034564205
0 0.24649713542639354 0.16442785809946855 0.25486570853492796 0.16442785809946855 0.25486570853492796 0.17645916478967355 0.24649713542639354 0.17645916478967355
0 0.14038994431441001 0.21761889820353283 0.14844272221130161 0.21761889820353283 0.14844272221130161 0.22648407155421021 0.14038994431441001 0.22648407155421021
0 0.16533776603419187 0.2169856715356273 0.17196946547869082 0.2169856715356273 0.17196946547869082 0.22585084488630472 0.16533776603419187 0.22585084488630472
0 0.20354898664297164 0.22563976933033622 0.21081227651075624 0.22563976933033622 0.21081227651075624 0.23577139601682462 0.20354898664297164 0.23577139601682462
0 0.23228635090246716 0.2184632004274069 0.23939174316443038 0.2184632004274069 0.23939174316443038 0.2290169782258323 0.23228635090246716 0.2290169782258323
0 0.26244479361435535 0.2237400893266196 0.2684449026355687 0.2237400893266196 0.2684449026355687 0.2349270937929506 0.26244479361435535 0.2349270937929506
0 0.13786358262126752 0.3204126939601967 0.14512687248905215 0.3204126939601967 0.14512687248905215 0.3297000184228111 0.13786358262126752 0.3297000184228111
0 0.16075873546537112 0.32167914729600783 0.1681799229389771 0.32167914729600783 0.1681799229389771 0.33138862287055926 0.16075873546537112 0.33138862287055926
0 0.18223280985708196 0.3193573161803542 0.19375933508204443 0.3193573161803542 0.19375933508204443 0.327167111751189 0.18223280985708196 0.327167111751189
0 0.2183913615901836 0.3252674317474724 0.22628624188125382 0.3252674317474724 0.22628624188125382 0.33666551176977194 0.2183913615901836 0.33666551176977194
0 0.25249724444760685 0.32421205396762987 0.25960263670957 0.32421205396762987 0.25960263670957 0.33497690732202384 0.25249724444760685 0.33497690732202384
0 0.13833727543873175 0.36811576960907977 0.1448110772774093 0.36811576960907977 0.1448110772774093 0.3786695474075052 0.13833727543873175 0.3786695474075052
0 0.16154822349447812 0.3729705073963554 0.16833782054479848 0.3729705073963554 0.16833782054479848 0.3820467563030013 0.16154822349447812 0.3820467563030013
0 0.18349599070365333 0.3717040540605445 0.19312774465875898 0.3717040540605445 0.19312774465875898 0.38099137852315884 0.18349599070365333 0.38099137852315884
0 0.20812801721179233 0.36748254294117416 0.21491761426211267 0.36748254294117416 0.21491761426211267 0.3786695474075052 0.20812801721179233 0.3786695474075052
0 0.23007578442096752 0.37085975183667036 0.23686538147128788 0.37085975183667036 0.23686538147128788 0.3824689074149383 0.23007578442096752 0.3824689074149383
0 0.12981080472437592 0.4721760187015548 0.13738988980380332 0.4721760187015548 0.13738988980380332 0.4818854942761063 0.12981080472437592 0.4818854942761063
0 0.1517585719335511 0.47006526314186986 0.1602850426479069 0.47006526314186986 0.1602850426479069 0.48061904094029523 0.1517585719335511 0.48061904094029523
0 0.17307474871944067 0.47069848980977524 0.18112752661633225 0.47069848980977524 0.18112752661633225 0.4804079653843267 0.17307474871944067 0.4804079653843267
0 0.1948646183227944 0.4719649431455864 0.20323319143132884 0.4719649431455864 0.20323319143132884 0.4827297964999803 0.1948646183227944 0.4827297964999803
0 0.2213914161007903 0.4740756987052714 0.23054947723843172 0.4740756987052714 0.23054947723843172 0.4833630231678857 0.2213914161007903 0.4833630231678857
0 0.1323371664175184 0.5241006054698081 0.14102153473769563 0.5241006054698081 0.14102153473769563 0.5344433077122651 0.1323371664175184 0.5344433077122651
0 0.15665339771401462 0.5304328721488633 0.16439038039926337 0.5304328721488633 0.16439038039926337 0.5409866499472887 0.15665339771401462 0.5409866499472887
0 0.1797064481639396 0.5251559832496505 0.1866539428200814 0.5251559832496505 0.1866539428200814 0.5359208366040445 0.1797064481639396 0.5359208366040445
0 0.19975944410325794 0.5255781343615876 0.20860171002925657 0.5255781343615876 0.20860171002925657 0.535709761048076 0.19975944410325794 0.535709761048076
0 0.22739152512200364 0.5278999654772412 0.2365495862596451 0.5278999654772412 0.2365495862596451 0.5378205166077612 0.22739152512200364 0.5378205166077612
0 0.13138978078258998 0.6205621345474165 0.1377056850154461 0.6205621345474165 0.1377056850154461 0.6287940812301884 0.13138978078258998 0.6287940812301884
0 0.15475862644415775 0.6190846056556369 0.16060083785954968 0.6190846056556369 0.16060083785954968 0.62858300567422 0.15475862644415775 0.62858300567422
0 0.1733905439310835 0.6188735300996685 0.1804959361930466 0.6188735300996685 0.1804959361930466 0.629005156786157 0.1733905439310835 0.629005156786157
0 0.20544375791282848 0.6235171923309757 0.21381233102136288 0.6235171923309757 0.21381233102136288 0.6349152723532752 0.20544375791282848 0.6349152723532752
0 0.23670748386546647 0.6243614945548498 0.24507605697400087 0.6243614945548498 0.24507605697400087 0.6355484990211807 0.23670748386546647 0.6355484990211807
0 0.13438983529319665 0.6752307035432604 0.14417948685412366 0.6752307035432604 0.14417948685412366 0.6857844813416859 0.13438983529319665 0.6857844813416859
0 0.15112698151026546 0.6581335835098112 0.16044294025372835 0.6581335835098112 0.16044294025372835 0.6688984368642052 0.15112698151026546 0.6688984368642052
0 0.1819170146454393 0.6703759657559849 0.1902855877539737 0.6703759657559849 0.1902855877539737 0.6781857613268196 0.1819170146454393 0.6781857613268196
0 0.2108122765107562 0.6733310235395439 0.21775977116689796 0.6733310235395439 0.21775977116689796 0.6838848013379693 0.2108122765107562 0.6838848013379693
0 0.23212845329664575 0.6714313435358271 0.24033912879935876 0.6714313435358271 0.24033912879935876 0.6802965168865045 0.23212845329664575 0.6802965168865045
0 0.13170557599423277 0.7725365348447433 0.13802148022708896 0.7725365348447433 0.13802148022708896 0.7833013881991372 0.13170557599423277 0.7833013881991372
0 0.1482848246054802 0.7805574059715464 0.1547586264441578 0.7805574059715464 0.1547586264441578 0.7894225793222238 0.1482848246054802 0.7894225793222238
0 0.16960100139136977 0.7782355748558929 0.17639059844169017 0.7782355748558929 0.17639059844169017 0.7879450504304442 0.16960100139136977 0.7879450504304442
0 0.19723308241011547 0.7767580459641134 0.2059174507302927 0.7767580459641134 0.2059174507302927 0.7845678415349481 0.19723308241011547 0.7845678415349481
0 0.21933874722511207 0.7790798770797669 0.22644413948707526 0.7790798770797669 0.22644413948707526 0.790689032658035 0.21933874722511207 0.790689032658035
0 0.13375824486991103 0.8238278949450908 0.14070573952605284 0.8238278949450908 0.14070573952605284 0.8329041438517367 0.13375824486991103 0.8329041438517367
0 0.15444283123251498 0.8278383305084925 0.16091663307119253 0.8278383305084925 0.16091663307119253 0.8381810327509495 0.15444283123251498 0.8381810327509495
0 0.1733905439310835 0.8314266149599573 0.1817591170396179 0.8314266149599573 0.1817591170396179 0.8396585616427292 0.1733905439310835 0.8396585616427292
0 0.19375933508204457 0.8341705971875477 0.20118052255565058 0.8341705971875477 0.20118052255565058 0.8430357705382251 0.19375933508204457 0.8430357705382251
0 0.2062332459419355 0.8390253349748237 0.21318074059807726 0.8390253349748237 0.21318074059807726 0.847468357213564 0.2062332459419355 0.847468357213564
0 0.24460236415653672 0.8373367305270754 0.25312883487089255 0.8373367305270754 0.25312883487089255 0.8462019038777527 0.24460236415653672 0.8462019038777527
