0 0.4399600792499028 0.29795411808246214 0.4523488374180578 0.29795411808246214 0.4523488374180578 0.31451525594455537 0.4399600792499028 0.31451525594455537
0 0.4815863066949037 0.29795411808246214 0.48901956159579674 0.29795411808246214 0.48901956159579674 0.3092156918286855 0.4815863066949037 0.3092156918286855
0 0.5023994204174043 0.2992790091114296 0.5113193262984759 0.2992790091114296 0.5113193262984759 0.3138528104300717 0.5023994204174043 0.3138528104300717
0 0.5415478962287742 0.30192879116936455 0.5524500034167507 0.30192879116936455 0.5524500034167507 0.31584014697352286 0.5415478962287742 0.31584014697352286
0 0.43896897859645034 0.35161220475564436 0.4513577367646054 0.35161220475564436 0.4513577367646054 0.364861115045319 0.43896897859645034 0.364861115045319
0 0.4776219040810941 0.35293709578461185 0.4900106622492492 0.35293709578461185 0.4900106622492492 0.36419866953083524 0.4776219040810941 0.36419866953083524
0 0.5078504740113925 0.35227465027012805 0.5197436818528213 0.35227465027012805 0.5197436818528213 0.3655235605598026 0.5078504740113925 0.3655235605598026
0 0.5450167485158576 0.3549244323280629 0.5544322047236555 0.3549244323280629 0.5544322047236555 0.3668484515887701 0.5450167485158576 0.3668484515887701
0 0.5811919223668703 0.3549244323280629 0.590111828247942 0.3549244323280629 0.590111828247942 0.364861115045319 0.5811919223668703 0.364861115045319
0 0.43797787794299803 0.4655528332468461 0.445411132843891 0.4655528332468461 0.445411132843891 0.47681440699306954 0.43797787794299803 0.47681440699306954
0 0.4880284609423444 0.4655528332468461 0.4974439171501422 0.4655528332468461 0.4974439171501422 0.4741646249351346 0.4880284609423444 0.4741646249351346
0 0.5251947354468095 0.47482707044961825 0.5341146413278811 0.47482707044961825 0.5341146413278811 0.4841013076523905 0.5251947354468095 0.4841013076523905
0 0.5688031641987152 0.45760348707304116 0.5762364190996082 0.45760348707304116 0.5762364190996082 0.46621527876132973 0.5688031641987152 0.46621527876132973
0 0.6084471903368115 0.46687772427581353 0.6178626465446092 0.46687772427581353 0.6178626465446092 0.4768144069930696 0.6084471903368115 0.4768144069930696
0 0.45581768970514125 0.5331222757241867 0.4667197968931177 0.5331222757241867 0.4667197968931177 0.5437214039559263 0.45581768970514125 0.5437214039559263
0 0.4832881553376275 0.5110308648002256 0.49310371402559944 0.5110308648002256 0.49310371402559944 0.5200800487969982 0.4832881553376275 0.5200800487969982
0 0.5164579743521536 0.5155554567986118 0.5245811953353028 0.5155554567986118 0.5245811953353028 0.5286767735939321 0.5164579743521536 0.5286767735939321
0 0.5597818195956163 0.5187226711974822 0.5689204432016592 0.5187226711974822 0.5689204432016592 0.5318439879928024 0.5597818195956163 0.5318439879928024
0 0.6027671972981146 0.5137456199992573 0.6119058209041576 0.5137456199992573 0.6119058209041576 0.5232472631958686 0.6027671972981146 0.5232472631958686
