0 0.44166791876810196 0.3004654928711664 0.4508065423741448 0.3004654928711664 0.4508065423741448 0.3122294320669707 0.44166791876810196 0.3122294320669707
0 0.5015766735188277 0.3004654928711664 0.5107152971248706 0.3004654928711664 0.5107152971248706 0.311776972867132 0.5015766735188277 0.311776972867132
0 0.542192778434574 0.30408516646987543 0.5513314020406168 0.30408516646987543 0.5513314020406168 0.3149441872660025 0.542192778434574 0.3149441872660025
0 0.5750241299081357 0.30318024807019817 0.5811165456454976 0.30318024807019817 0.5811165456454976 0.3126818912668093 0.5750241299081357 0.3126818912668093
0 0.4409909836861728 0.35204584165276964 0.4501296072922157 0.35204584165276964 0.4501296072922157 0.3638097808485739 0.4409909836861728 0.3638097808485739
0 0.4792378158151672 0.3515933824529311 0.48905337450313935 0.3515933824529311 0.48905337450313935 0.3647146992482512 0.4792378158151672 0.3647146992482512
0 0.5100383620429415 0.35430813765196284 0.5185000505670554 0.35430813765196284 0.5185000505670554 0.36561961764792844 0.5100383620429415 0.36561961764792844
0 0.5438851161393968 0.35521305605164 0.5560699476141208 0.35521305605164 0.5560699476141208 0.36607207684776694 0.5438851161393968 0.36607207684776694
0 0.5807780781045331 0.35476059685180145 0.589916701710576 0.35476059685180145 0.589916701710576 0.3647146992482512 0.5807780781045331 0.3647146992482512
0 0.4819455561428837 0.3004654928711664 0.4897303095850684 0.3004654928711664 0.4897303095850684 0.30815729926842306 0.4819455561428837 0.30815729926842306
0 0.43794477581749186 0.46425572321274866 0.44539106171871207 0.46425572321274866 0.44539106171871207 0.4764721216083915 0.43794477581749186 0.4764721216083915
0 0.48871490696217473 0.46561310081226454 0.4971765954862886 0.46561310081226454 0.4971765954862886 0.47466228480903705 0.48871490696217473 0.47466228480903705
0 0.5269617390911693 0.47420982560919833 0.5337310899104601 0.47420982560919833 0.5337310899104601 0.4841639280056481 0.5269617390911693 0.4841639280056481
0 0.5682547790888446 0.45701637601533057 0.5763780000719939 0.45701637601533057 0.5763780000719939 0.467422937611619 0.5682547790888446 0.467422937611619
0 0.6095478190865201 0.46832785601129634 0.6169941049877402 0.46832785601129634 0.6169941049877402 0.4769245808082301 0.6095478190865201 0.4769245808082301
0 0.45825282827536495 0.5352918175874127 0.4653606466356206 0.5352918175874127 0.4653606466356206 0.5429836239846694 0.45825282827536495 0.5429836239846694
0 0.483976361388671 0.5117639391958042 0.4924380499127848 0.5117639391958042 0.4924380499127848 0.5203606639927381 0.483976361388671 0.5203606639927381
0 0.5171461804031972 0.5171934495938677 0.5239155312224884 0.5171934495938677 0.5239155312224884 0.5276000111901561 0.5171461804031972 0.5276000111901561
0 0.5608084931876244 0.5212655823924154 0.5685932466298091 0.5212655823924154 0.5685932466298091 0.5298623071893492 0.5608084931876244 0.5298623071893492
0 0.6041323384310873 0.5131213167953201 0.6112401567913428 0.5131213167953201 0.6112401567913428 0.5226229599919313 0.6041323384310873 0.5226229599919313
