0 0.1554710764756271 0.1620796794755269 0.16239190543651189 0.1620796794755269 0.16239190543651189 0.1679671109891199 0.1554710764756271 0.1679671109891199
0 0.18944605501087977 0.16236003335712654 0.19447938516425053 0.16236003335712654 0.19447938516425053 0.1735741886211132 0.18944605501087977 0.1735741886211132
0 0.21775853712359033 0.16768675710752023 0.22363075563585622 0.16768675710752023 0.22363075563585622 0.17693843520030922 0.21775853712359033 0.17693843520030922
0 0.2425057437109966 0.16151897171232754 0.24942657267188137 0.16151897171232754 0.24942657267188137 0.17020994204191722 0.2425057437109966 0.17020994204191722
0 0.2724960025414974 0.15983684842272952 0.2796265535921059 0.15983684842272952 0.2796265535921059 0.16908852651551856 0.2724960025414974 0.16908852651551856
0 0.15589052065507467 0.2139451475714653 0.15945579618037894 0.2139451475714653 0.15945579618037894 0.22207541013785562 0.15589052065507467 0.22207541013785562
0 0.17665300753772903 0.21534691697946362 0.18294467022944252 0.21534691697946362 0.18294467022944252 0.22628071836185062 0.17665300753772903 0.22628071836185062
0 0.20727243263740122 0.21506656309786398 0.21356409532911472 0.21506656309786398 0.21356409532911472 0.22263611790105492 0.20727243263740122 0.22263611790105492
0 0.23558491475011178 0.2136647936898656 0.24187657744182528 0.2136647936898656 0.24187657744182528 0.21955222520345863 0.23558491475011178 0.21955222520345863
0 0.26578489567033636 0.2111416087554686 0.27270572463122117 0.2111416087554686 0.27270572463122117 0.22095399461145696 0.26578489567033636 0.22095399461145696
0 0.14435580572026663 0.31319042165774735 0.15085719050170388 0.31319042165774735 0.15085719050170388 0.32356351527693505 0.14435580572026663 0.32356351527693505
0 0.17749189589662417 0.30982617507855137 0.18483216903695654 0.30982617507855137 0.18483216903695654 0.31879749928974066 0.17749189589662417 0.31879749928974066
0 0.20202938039430665 0.30702263626255466 0.21020854189353416 0.30702263626255466 0.21020854189353416 0.31319042165774735 0.20202938039430665 0.31319042165774735
0 0.23243908340425506 0.306742282380955 0.23915019027541612 0.306742282380955 0.23915019027541612 0.31739572988174236 0.23243908340425506 0.31739572988174236
0 0.2571862899916613 0.30702263626255466 0.2649460073114412 0.30702263626255466 0.2649460073114412 0.3145921910657457 0.2571862899916613 0.3145921910657457
0 0.1403710860155148 0.37262544455687674 0.1460335824380569 0.37262544455687674 0.1460335824380569 0.38103606100486676 0.1403710860155148 0.38103606100486676
0 0.17287800992270097 0.36842013633288173 0.17958911679386202 0.36842013633288173 0.17958911679386202 0.37627004501767247 0.17287800992270097 0.37627004501767247
0 0.19741549442038347 0.36757907468808276 0.20538493382988718 0.36757907468808276 0.20538493382988718 0.3754289833728735 0.19741549442038347 0.3754289833728735
0 0.22425992190502753 0.36169164317448976 0.23222936131453126 0.36169164317448976 0.23222936131453126 0.3709433212672788 0.22425992190502753 0.3709433212672788
0 0.25110434938967163 0.35636491942409604 0.25781545626083263 0.35636491942409604 0.25781545626083263 0.36729872080648307 0.25110434938967163 0.36729872080648307
0 0.1579877415523125 0.4673850565375642 0.16511829260292107 0.4673850565375642 0.16511829260292107 0.4760760268671539 0.1579877415523125 0.4760760268671539
0 0.1787502284349669 0.47243142640635827 0.1869293899341944 0.47243142640635827 0.1869293899341944 0.4791599195647503 0.1787502284349669 0.4791599195647503
0 0.2047557675607158 0.4628993944319696 0.2110474302524293 0.4628993944319696 0.2110474302524293 0.47299213416955754 0.2047557675607158 0.47299213416955754
0 0.22174325682834214 0.4609369172607718 0.2290835299686745 0.4609369172607718 0.2290835299686745 0.47102965699835975 0.22174325682834214 0.47102965699835975
0 0.2515237935691192 0.4491620542335858 0.25739601208138513 0.4491620542335858 0.25739601208138513 0.4595351478527735 0.2515237935691192 0.4595351478527735
0 0.16868356812822538 0.525698663910295 0.17413634246104373 0.525698663910295 0.17413634246104373 0.533268218713486 0.16868356812822538 0.533268218713486
0 0.18650994575474683 0.5242968945022967 0.19322105262590783 0.5242968945022967 0.19322105262590783 0.5313057415422882 0.18650994575474683 0.5313057415422882
0 0.21062798607298172 0.5209326479231006 0.2167099266749714 0.5209326479231006 0.2167099266749714 0.5268200794366935 0.21062798607298172 0.5268200794366935
0 0.23621408101928312 0.5214933556863 0.24061824490348252 0.5214933556863 0.24061824490348252 0.5324271570686869 0.23621408101928312 0.5324271570686869
0 0.2538307365560808 0.518129109107104 0.26033212133751804 0.518129109107104 0.26033212133751804 0.5290629104894908 0.2538307365560808 0.5290629104894908
0 0.14414608363054285 0.6235421685885788 0.1512766346811514 0.6235421685885788 0.1512766346811514 0.6322331389181685 0.14414608363054285 0.6322331389181685
0 0.1691030123076729 0.6291492462205721 0.17455578664049123 0.6291492462205721 0.17455578664049123 0.6384009243133612 0.1691030123076729 0.6384009243133612
0 0.18588077948557546 0.62242075306218 0.19217244217728893 0.62242075306218 0.19217244217728893 0.6311117233917698 0.18588077948557546 0.6311117233917698
0 0.14959885796336117 0.6683987896445255 0.15568079856535083 0.6683987896445255 0.15568079856535083 0.674566575039718 0.14959885796336117 0.674566575039718
0 0.17979883888358578 0.6703612668157232 0.1848321690369565 0.6703612668157232 0.1848321690369565 0.6787718832637133 0.17979883888358578 0.6787718832637133
0 0.22467936608447514 0.6257849996413761 0.2330682496734264 0.6257849996413761 0.2330682496734264 0.6336349083261668 0.22467936608447514 0.6336349083261668
0 0.2542501807355284 0.6271867690493744 0.2607515655169656 0.6271867690493744 0.2607515655169656 0.6364384471421636 0.2542501807355284 0.6364384471421636
0 0.20957937562436282 0.6695202051709243 0.2152418720469049 0.6695202051709243 0.2152418720469049 0.6787718832637134 0.20957937562436282 0.6787718832637134
0 0.23160019504535992 0.6754076366845172 0.23977935654458743 0.6754076366845172 0.23977935654458743 0.6824164837245089 0.23160019504535992 0.6824164837245089
0 0.25928351088889917 0.6728844517501201 0.2662043398497839 0.6728844517501201 0.2662043398497839 0.6807343604349109 0.25928351088889917 0.6807343604349109
0 0.15777801946258868 0.7771760957051963 0.16427940424402593 0.7771760957051963 0.16427940424402593 0.7853063582715868 0.15777801946258868 0.7853063582715868
0 0.17895995052469066 0.7746529107707995 0.18483216903695657 0.7746529107707995 0.18483216903695657 0.783343881100389 0.17895995052469066 0.783343881100389
0 0.21020854189353413 0.7693261870204058 0.2177585371235903 0.7693261870204058 0.2177585371235903 0.7788582189947943 0.21020854189353413 0.7788582189947943
0 0.23831130191652095 0.7752136185339986 0.24355435415961552 0.7752136185339986 0.24355435415961552 0.7844652966267875 0.23831130191652095 0.7844652966267875
0 0.27501266761818277 0.7704476025468043 0.2817237744893438 0.7704476025468043 0.2817237744893438 0.7791385728763941 0.27501266761818277 0.7791385728763941
0 0.15547107647562708 0.828761209919535 0.1615530170776168 0.828761209919535 0.1615530170776168 0.8368914724859253 0.15547107647562708 0.8368914724859253
0 0.17875022843496688 0.8326861642619305 0.1856710573958517 0.8326861642619305 0.1856710573958517 0.8391343035387228 0.17875022843496688 0.8391343035387228
0 0.20790159890657256 0.8225934245243424 0.2135640953291147 0.8225934245243424 0.2135640953291147 0.8324058103803307 0.20790159890657256 0.8324058103803307
0 0.23411686012204533 0.8200702395899453 0.24271546580072037 0.8200702395899453 0.24271546580072037 0.827079086629937 0.23411686012204533 0.827079086629937
0 0.269979337464812 0.8256773172219387 0.2779487768743157 0.8256773172219387 0.2779487768743157 0.832125456498731 0.269979337464812 0.832125456498731
0 0.12946553734987817 0.9164545432832992 0.13554747795186783 0.9164545432832992 0.13554747795186783 0.9240240980864903 0.12946553734987817 0.9240240980864903
0 0.16302107170568328 0.910006404006507 0.16658634723098759 0.910006404006507 0.16658634723098759 0.9189777282176963 0.16302107170568328 0.9189777282176963
0 0.1810571714219285 0.9130902967041032 0.18588077948557552 0.9130902967041032 0.18588077948557552 0.9223419747968923 0.1810571714219285 0.9223419747968923
0 0.20265854666347802 0.9186973743360964 0.20957937562436282 0.9186973743360964 0.20957937562436282 0.9279490524288856 0.20265854666347802 0.9279490524288856
0 0.23810157982679717 0.9217812670336929 0.24397379833906307 0.9217812670336929 0.24397379833906307 0.9315936528896812 0.23810157982679717 0.9315936528896812
0 0.14750163706612338 0.9649557648000416 0.15295441139894175 0.9649557648000416 0.15295441139894175 0.9750485045376296 0.14750163706612338 0.9750485045376296
0 0.16889329021794913 0.9652361186816413 0.17518495290966257 0.9652361186816413 0.17518495290966257 0.9750485045376296 0.16889329021794913 0.9750485045376296
0 0.19804466068955484 0.9669182419712393 0.20328771293264936 0.9669182419712393 0.20328771293264936 0.9758895661824286 0.19804466068955484 0.9758895661824286
0 0.2146127057777336 0.9680396574976381 0.2227918672769611 0.9680396574976381 0.2227918672769611 0.9764502739456281 0.2146127057777336 0.9764502739456281
0 0.2399890786343112 0.9725253196032326 0.24607101923630093 0.9725253196032326 0.24607101923630093 0.982337705459221 0.2399890786343112 0.982337705459221
0 0.2622196201450321 0.9770109817088273 0.26914044910591683 0.9770109817088273 0.26914044910591683 0.9834591209856196 0.2622196201450321 0.9834591209856196
0 0.28277238493796275 0.9803752282880233 0.28948349180912375 0.9803752282880233 0.28948349180912375 0.9899072602624118 0.28277238493796275 0.9899072602624118
