0 0.4530945098988537 0.3059255669020856 0.46372869259427707 0.3059255669020856 0.46372869259427707 0.3185960314833189 0.4530945098988537 0.3185960314833189
0 0.4729758079816018 0.30870688839552707 0.48152938971487713 0.30870688839552707 0.48152938971487713 0.3173598885973449 0.4729758079816018 0.3173598885973449
0 0.49459397813873257 0.309589247573859 0.5025422422935291 0.309589247573859 0.5025422422935291 0.31815279379647327 0.49459397813873257 0.31815279379647327
0 0.5116768145311309 0.30990641595247437 0.5185574014114025 0.30990641595247437 0.5185574014114025 0.3200558040681653 0.5116768145311309 0.3200558040681653
0 0.5311322670891401 0.3097478317631667 0.5397923160936198 0.3097478317631667 0.5397923160936198 0.32005580406816525 0.5311322670891401 0.32005580406816525
0 0.4587674740380083 0.37143708140385034 0.46695299980936583 0.37143708140385034 0.46695299980936583 0.3806349643836952 0.4587674740380083 0.3806349643836952
0 0.4843917286266058 0.3655694663994665 0.491390946315158 0.3655694663994665 0.491390946315158 0.37619460708308045 0.4843917286266058 0.37619460708308045
0 0.5078806286661535 0.3643007928850053 0.5147612155464251 0.3643007928850053 0.5147612155464251 0.37413301262208076 0.5078806286661535 0.37413301262208076
0 0.5285223893069682 0.3603361881523135 0.5362333918452037 0.3603361881523135 0.5362333918452037 0.37111991302523506 0.5285223893069682 0.37111991302523506
0 0.5503504580305882 0.3611291090988519 0.5573496757191405 0.3611291090988519 0.5573496757191405 0.37000982370008145 0.5503504580305882 0.37000982370008145
0 0.4611400902036192 0.470235031342529 0.4682579387004518 0.470235031342529 0.4682579387004518 0.4799086668902968 0.4611400902036192 0.4799086668902968
0 0.48700160640877777 0.47324813093937473 0.49542439379669645 0.47324813093937473 0.49542439379669645 0.4814945087833736 0.48700160640877777 0.4814945087833736
0 0.5127444918056558 0.47594406215760515 0.5206927559604524 0.47594406215760515 0.5206927559604524 0.4868863712198343 0.5127444918056558 0.4868863712198343
0 0.5431139787254751 0.4710279522890673 0.5520112893465159 0.4710279522890673 0.5520112893465159 0.48244601391921954 0.5431139787254751 0.48244601391921954
0 0.5679078176561088 0.47039361553183656 0.5760933434274663 0.47039361553183656 0.5760933434274663 0.4802258352689122 0.5679078176561088 0.4802258352689122
0 0.48700160640877777 0.528435428818444 0.4949498705635742 0.528435428818444 0.4949498705635742 0.5387434011234424 0.48700160640877777 0.5387434011234424
0 0.508829675132398 0.5260566659788289 0.5165406776706333 0.5260566659788289 0.5165406776706333 0.5357303015265967 0.508829675132398 0.5357303015265967
0 0.5336235140630317 0.5193961300279067 0.5399109469019006 0.5193961300279067 0.5399109469019006 0.530338439090136 0.5336235140630317 0.530338439090136
0 0.5543839055121268 0.5184446248920607 0.5601968151178734 0.5184446248920607 0.5601968151178734 0.5301798549008283 0.5543839055121268 0.5301798549008283
0 0.455208549789592 0.6180354957772776 0.4628009215195468 0.6180354957772776 0.4628009215195468 0.6273919629464301 0.455208549789592 0.6273919629464301
0 0.4819004816527144 0.6199385060489696 0.4881879144915832 0.6199385060489696 0.4881879144915832 0.6308808151111989 0.4819004816527144 0.6308808151111989
0 0.5074061054330313 0.6197799218596619 0.5144053231215835 0.6197799218596619 0.5144053231215835 0.6310393993005066 0.5074061054330313 0.6310393993005066
0 0.5304204822394568 0.6147052278018165 0.5370638075031672 0.6147052278018165 0.5370638075031672 0.6232687740244307 0.5304204822394568 0.6232687740244307
0 0.5542652747038462 0.6134365542873552 0.56162038481724 0.6134365542873552 0.56162038481724 0.6229516056458153 0.5542652747038462 0.6229516056458153
0 0.4561575962558363 0.6754429723066542 0.4632754447526691 0.6754429723066542 0.4632754447526691 0.6847994394758066 0.4561575962558363 0.6847994394758066
0 0.48178185084443387 0.6765530616318078 0.4909164230820358 0.6765530616318078 0.4909164230820358 0.6835307659613453 0.48178185084443387 0.6835307659613453
0 0.5059825357336648 0.6809934189324227 0.5128631226139364 0.6809934189324227 0.5128631226139364 0.6913013912374212 0.5059825357336648 0.6913013912374212
0 0.5312508978974206 0.6760773090638849 0.5386060080108144 0.6760773090638849 0.5386060080108144 0.684640855286499 0.5312508978974206 0.684640855286499
0 0.5550956903618101 0.6748086355494235 0.5625694312834842 0.6748086355494235 0.5625694312834842 0.6851166078544221 0.5550956903618101 0.6851166078544221
0 0.46588532253484094 0.7821701317107163 0.4745453715393207 0.7821701317107163 0.4745453715393207 0.7921609356370994 0.46588532253484094 0.7921609356370994
0 0.4931704084393661 0.7848660629289466 0.5010000417858821 0.7848660629289466 0.5010000417858821 0.7926366882050225 0.4931704084393661 0.7926366882050225
0 0.5216418024266967 0.7840731419824083 0.5299459590063347 0.7840731419824083 0.5299459590063347 0.7924781040157147 0.5216418024266967 0.7924781040157147
0 0.5451307024662444 0.7796327846817935 0.5528417050044798 0.7796327846817935 0.5528417050044798 0.7907336779333304 0.5451307024662444 0.7907336779333304
0 0.5650606782573757 0.7828044684679469 0.573364834837014 0.7828044684679469 0.573364834837014 0.7931124407729455 0.5650606782573757 0.7931124407729455
0 0.460428305353936 0.8368816770218624 0.4674275230424881 0.8368816770218624 0.4674275230424881 0.8449694706765536 0.460428305353936 0.8449694706765536
0 0.5170152009037554 0.8348200825608627 0.524963465058552 0.8348200825608627 0.524963465058552 0.8437007971620921 0.5170152009037554 0.8437007971620921
0 0.5408599933681447 0.8348200825608627 0.5492827807560634 0.8348200825608627 0.5492827807560634 0.8448108864872459 0.5408599933681447 0.8448108864872459
0 0.5623321696669232 0.8319655671533248 0.5693313873554753 0.8319655671533248 0.5693313873554753 0.8421149552690155 0.5623321696669232 0.8421149552690155
0 0.5832111919242989 0.833234240667786 0.5917526101204982 0.833234240667786 0.5917526101204982 0.840846281754554 0.5832111919242989 0.840846281754554
