0 0.4527593207310936 0.3148797807594172 0.4595145111855145 0.3148797807594172 0.4595145111855145 0.3261675990057942 0.4527593207310936 0.3261675990057942
0 0.47201161352619336 0.3153312934892723 0.4794423230260564 0.3153312934892723 0.4794423230260564 0.324813060816229 0.47201161352619336 0.324813060816229
0 0.4932904634576194 0.31578280621912735 0.5000456539120404 0.31578280621912735 0.5000456539120404 0.3243615480863739 0.4932904634576194 0.3243615480863739
0 0.5095029205482298 0.3171373444086926 0.5155825919572086 0.3171373444086926 0.5155825919572086 0.3257160862759391 0.5095029205482298 0.3257160862759391
0 0.5301062514342137 0.3166858316788375 0.5371992014113557 0.3166858316788375 0.5371992014113557 0.325264573546084 0.5301062514342137 0.325264573546084
0 0.4578257135719094 0.37899458839883854 0.4649186635490513 0.37899458839883854 0.4649186635490513 0.38802484299594014 0.4578257135719094 0.38802484299594014
0 0.48349543729870903 0.3717703847211573 0.48957510870768783 0.3717703847211573 0.48957510870768783 0.3835097156973893 0.48349543729870903 0.3835097156973893
0 0.5068008443664613 0.37086735926144715 0.5125427562527193 0.37086735926144715 0.5125427562527193 0.38125215204811397 0.5068008443664613 0.38125215204811397
0 0.5274041752524453 0.3672552574226065 0.5334838466614241 0.3672552574226065 0.5334838466614241 0.37673702474956317 0.5274041752524453 0.37673702474956317
0 0.5490207847065923 0.3686097956121717 0.5554382156382924 0.3686097956121717 0.5554382156382924 0.37583399928985295 0.5490207847065923 0.37583399928985295
0 0.45948291760130805 0.47778801613414656 0.46582701081545247 0.47778801613414656 0.46582701081545247 0.4866079492492721 0.45948291760130805 0.4866079492492721
0 0.4848592904578857 0.4798233853145602 0.4934872572291221 0.4798233853145602 0.4934872572291221 0.48864331842968567 0.4848592904578857 0.48864331842968567
0 0.5120120094144237 0.48389412367538737 0.5181023389000022 0.48389412367538737 0.5181023389000022 0.4930532849872484 0.5120120094144237 0.4930532849872484
0 0.5442400029422774 0.479144928921089 0.5500765686992901 0.479144928921089 0.5500765686992901 0.48898254662642127 0.5442400029422774 0.48898254662642127
0 0.5670787385131971 0.4788057007243534 0.5741841229130391 0.4788057007243534 0.5741841229130391 0.485929492855801 0.5670787385131971 0.485929492855801
0 0.4846055267293199 0.537152950562876 0.492472202314859 0.537152950562876 0.492472202314859 0.5459728836780017 0.4846055267293199 0.5459728836780017
0 0.5066829711145424 0.5324037558085778 0.5137883555143843 0.5324037558085778 0.5137883555143843 0.5419021453171745 0.5066829711145424 0.5419021453171745
0 0.5320593439711201 0.5269761046608081 0.5378959097281328 0.5269761046608081 0.5378959097281328 0.537152950562876 0.5320593439711201 0.537152950562876
0 0.5515991510706848 0.5269761046608081 0.5579432442848293 0.5269761046608081 0.5579432442848293 0.5364744941694048 0.5515991510706848 0.5364744941694048
0 0.4536463518442952 0.6267091945010737 0.4604979725155712 0.6267091945010737 0.4604979725155712 0.634172214829257 0.4536463518442952 0.634172214829257
0 0.4807990708008333 0.627387650894545 0.48612810910071463 0.627387650894545 0.48612810910071463 0.6375644967966126 0.4807990708008333 0.6375644967966126
0 0.5059216799288451 0.6267091945010737 0.5122657731429896 0.6267091945010737 0.5122657731429896 0.6368860404031416 0.5059216799288451 0.6368860404031416
0 0.5295217066854623 0.6219599997467754 0.5356120361710408 0.6219599997467754 0.5356120361710408 0.6307799328619009 0.5295217066854623 0.6307799328619009
0 0.5538830246277767 0.622299227943511 0.5594658266562239 0.622299227943511 0.5594658266562239 0.6301014764684297 0.5538830246277767 0.6301014764684297
0 0.45466140675855826 0.6836995315526541 0.46075173624413696 0.6836995315526541 0.46075173624413696 0.692180236471044 0.45466140675855826 0.692180236471044
0 0.48156036198653057 0.6836995315526542 0.4889195101149381 0.6836995315526542 0.4889195101149381 0.691501780077573 0.48156036198653057 0.691501780077573
0 0.5051603887431477 0.6894664108971591 0.5107431907715948 0.6894664108971591 0.5107431907715948 0.6982863440122848 0.5051603887431477 0.6982863440122848
0 0.5302829978711595 0.6833603033559185 0.5361195636281724 0.6833603033559185 0.5361195636281724 0.6915017800775728 0.5302829978711595 0.6915017800775728
0 0.553629260899211 0.6826818469624473 0.5604808815704871 0.6826818469624473 0.5604808815704871 0.691162551880837 0.553629260899211 0.691162551880837
0 0.46405066471549206 0.7891995007374247 0.4714098128438996 0.7891995007374247 0.4714098128438996 0.7986978902460214 0.46405066471549206 0.7986978902460214
0 0.4927259660434247 0.7922525545080451 0.4993238229861349 0.7922525545080451 0.4993238229861349 0.7997155748362282 0.4927259660434247 0.7997155748362282
0 0.5214012673713574 0.7898779571308959 0.5264765419426731 0.7898779571308959 0.5264765419426731 0.7990371184427568 0.5214012673713574 0.7990371184427568
0 0.5457625853136719 0.7881818161472179 0.5518529147992505 0.7881818161472179 0.5518529147992505 0.7976802056558145 0.5457625853136719 0.7976802056558145
0 0.5663174473274999 0.7895387289341601 0.5739303591844732 0.7895387289341601 0.5739303591844732 0.7993763466394926 0.5663174473274999 0.7993763466394926
0 0.459482917601308 0.8441544686085914 0.46760335691541294 0.8441544686085914 0.46760335691541294 0.8522959453302457 0.459482917601308 0.8522959453302457
0 0.5153109378857789 0.8431367840183847 0.5229238497427521 0.8431367840183847 0.5229238497427521 0.8505998043465679 0.5153109378857789 0.8505998043465679
0 0.541194838199488 0.8417798712314422 0.5467776402279351 0.8417798712314422 0.5467776402279351 0.8516174889367745 0.541194838199488 0.8516174889367745
0 0.5614959364847502 0.841101414837971 0.5686013208845917 0.841101414837971 0.5686013208845917 0.8495821197563608 0.5614959364847502 0.8495821197563608
0 0.5820507984985779 0.8390660456575574 0.5894099466269855 0.8390660456575574 0.5894099466269855 0.8482252069694185 0.5820507984985779 0.8482252069694185
