0 0.14338723681403442 0.024238455555113038 0.14868895257873002 0.024238455555113038 0.14868895257873002 0.03297941905939356 0.14338723681403442 0.03297941905939356
0 0.16459409987281684 0.02494718232573038 0.17095615879045153 0.02494718232573038 0.17095615879045153 0.0336881458300109 0.16459409987281684 0.0336881458300109
0 0.19340008886099627 0.02849081617881707 0.1990552523433383 0.02849081617881707 0.1990552523433383 0.036286810655607814 0.19340008886099627 0.036286810655607814
0 0.21602074279036418 0.02329348652762325 0.22344314486093803 0.02329348652762325 0.22344314486093803 0.029672027463179308 0.21602074279036418 0.029672027463179308
0 0.2487146566726538 0.024238455555113038 0.254546544013819 0.024238455555113038 0.254546544013819 0.03085323874754154 0.2487146566726538 0.03085323874754154
0 0.143917408390504 0.07739296335141355 0.15098636274343144 0.07739296335141355 0.15098636274343144 0.08542520008507674 0.143917408390504 0.08542520008507674
0 0.1691889202022197 0.0771567210945411 0.17502080754338487 0.0771567210945411 0.17502080754338487 0.08613392685569407 0.1691889202022197 0.08613392685569407
0 0.19233974570805717 0.08188156623199003 0.19940870006098466 0.08188156623199003 0.19940870006098466 0.08707889588318385 0.19233974570805717 0.08707889588318385
0 0.21672763822565697 0.07762920560828598 0.22379659257858445 0.07762920560828598 0.22379659257858445 0.08542520008507672 0.21672763822565697 0.08542520008507672
0 0.24606379879030593 0.07337684498458194 0.2510120668373552 0.07337684498458194 0.2510120668373552 0.08329901977322472 0.24606379879030593 0.08329901977322472
0 0.14055965507286342 0.16173144905487702 0.1470984378493213 0.16173144905487702 0.1470984378493213 0.16999992804541264 0.14055965507286342 0.16999992804541264
0 0.1714863303669211 0.1622039335686219 0.17731821770808628 0.1622039335686219 0.17731821770808628 0.17118113932977488 0.1714863303669211 0.17118113932977488
0 0.19534405130805138 0.16055023777051478 0.2018828340845093 0.16055023777051478 0.2018828340845093 0.16999992804541264 0.19534405130805138 0.16999992804541264
0 0.22255952556682213 0.16692877870607087 0.22821468904916412 0.16692877870607087 0.22821468904916412 0.17708719575158607 0.22255952556682213 0.17708719575158607
0 0.24783103737853784 0.16385762936672904 0.2541930962961726 0.16385762936672904 0.2541930962961726 0.17425228866911666 0.24783103737853784 0.17425228866911666
0 0.14161999822580254 0.21842959070426424 0.14974929573166915 0.21842959070426424 0.14974929573166915 0.22598934292418255 0.14161999822580254 0.22598934292418255
0 0.15116308660225464 0.21205104976870814 0.15911566024929802 0.21205104976870814 0.15911566024929802 0.2203195287592438 0.15116308660225464 0.2203195287592438
0 0.20382679653156432 0.2255168584104376 0.21124919860213817 0.2255168584104376 0.21124919860213817 0.2340215796578457 0.20382679653156432 0.2340215796578457
0 0.23351640481385974 0.21795710619051933 0.23987846373149443 0.21795710619051933 0.23987846373149443 0.22953297677726922 0.23351640481385974 0.22953297677726922
0 0.2635594608138015 0.22291819358484072 0.26921462429614346 0.22291819358484072 0.26921462429614346 0.2340215796578457 0.2635594608138015 0.2340215796578457
0 0.13879241648463156 0.3204862456731611 0.1460380946963822 0.3204862456731611 0.1460380946963822 0.3304084204618039 0.13879241648463156 0.3304084204618039
0 0.16211996584929225 0.3219036992143958 0.16954236791986607 0.3219036992143958 0.16954236791986607 0.3306446627186764 0.16211996584929225 0.3306446627186764
0 0.18474061977866016 0.3197775189025438 0.1923397457080572 0.3197775189025438 0.1923397457080572 0.32733727112246214 0.18474061977866016 0.32733727112246214
0 0.21884832453153522 0.3247386062968652 0.22680089817857862 0.3247386062968652 0.22680089817857862 0.334660781085508 0.21884832453153522 0.334660781085508
0 0.2538396485785262 0.32402987952624784 0.26020170749616095 0.32402987952624784 0.26020170749616095 0.3344245388286356 0.2538396485785262 0.3344245388286356
0 0.13985275963757068 0.36797093930452296 0.14586137083755904 0.36797093930452296 0.14586137083755904 0.37812935635003814 0.13985275963757068 0.37812935635003814
0 0.16229668970811542 0.3726957844419719 0.16954236791986604 0.3726957844419719 0.16954236791986604 0.3821454747168698 0.16229668970811542 0.3821454747168698
0 0.1856242390727761 0.3684434238182679 0.19428370815511223 0.3684434238182679 0.19428370815511223 0.37576693378131376 0.1856242390727761 0.37576693378131376
0 0.20983540773155268 0.36749845479077803 0.21619746664918738 0.36749845479077803 0.21619746664918738 0.3776568718362932 0.20983540773155268 0.3776568718362932
0 0.23227933780209742 0.3708058463869924 0.23828794900208577 0.3708058463869924 0.23828794900208577 0.38167299020312484 0.23227933780209742 0.38167299020312484
0 0.1327838052846432 0.47451619715399646 0.14108982664933298 0.47451619715399646 0.14108982664933298 0.48207594937391474 0.1327838052846432 0.48207594937391474
0 0.15646480236695023 0.47191753232839945 0.16318030900223135 0.47191753232839945 0.16318030900223135 0.4799497690620627 0.15646480236695023 0.4799497690620627
0 0.17784838928455585 0.4723900168421443 0.18438717206101374 0.4723900168421443 0.18438717206101374 0.48089473808955246 0.17784838928455585 0.48089473808955246
0 0.1988785284845151 0.47404371264025147 0.20612420669626574 0.47404371264025147 0.20612420669626574 0.4830209184014045 0.1988785284845151 0.4830209184014045
0 0.22556383116681633 0.4756974084383586 0.2340465763903293 0.4756974084383586 0.2340465763903293 0.4837296451720219 0.22556383116681633 0.4837296451720219
0 0.13631828246110694 0.5264894936659347 0.1435639606728576 0.5264894936659347 0.1435639606728576 0.5345217303995978 0.13631828246110694 0.5345217303995978
0 0.16070617497870676 0.5321593078308734 0.16689151003751826 0.5321593078308734 0.16689151003751826 0.5416089981057712 0.16070617497870676 0.5416089981057712
0 0.18332682890807464 0.5267257359228071 0.18880526853159343 0.5267257359228071 0.18880526853159343 0.53570294168396 0.18332682890807464 0.53570294168396
0 0.2045336919668571 0.5267257359228071 0.21107247474331503 0.5267257359228071 0.21107247474331503 0.5354666994270877 0.2045336919668571 0.5354666994270877
0 0.2315724423668047 0.5283794317209143 0.23917156829620173 0.5283794317209143 0.23917156829620173 0.5380653642526846 0.2315724423668047 0.5380653642526846
0 0.1329605291434664 0.6209863964149133 0.14126655050815617 0.6209863964149133 0.14126655050815617 0.6280736641210867 0.1329605291434664 0.6280736641210867
0 0.15787859323753575 0.617679004818699 0.16265013742576181 0.617679004818699 0.16265013742576181 0.6273649373504693 0.15787859323753575 0.6273649373504693
0 0.17608115069632396 0.6207501541580408 0.18279665733160508 0.6207501541580408 0.18279665733160508 0.6290186331485764 0.17608115069632396 0.6290186331485764
0 0.20789144528449766 0.6242937880111276 0.21584401893154107 0.6242937880111276 0.21584401893154107 0.6325622670016632 0.20789144528449766 0.6325622670016632
0 0.24023191144914083 0.6252387570386173 0.24694741808442194 0.6252387570386173 0.24694741808442194 0.6335072360291529 0.24023191144914083 0.6335072360291529
0 0.15469756377871838 0.6587851575145048 0.16176651813164586 0.6587851575145048 0.16176651813164586 0.6675261210187853 0.15469756377871838 0.6675261210187853
0 0.13755534947286924 0.6748496309818312 0.14444757996697355 0.6748496309818312 0.14444757996697355 0.6835905944861116 0.13755534947286924 0.6835905944861116
0 0.1842104482021906 0.6682348477894027 0.19233974570805717 0.6682348477894027 0.19233974570805717 0.6781570225780454 0.1842104482021906 0.6781570225780454
0 0.21301643719037006 0.6734321774405965 0.22026211540212068 0.6734321774405965 0.22026211540212068 0.6840630789998565 0.21301643719037006 0.6840630789998565
0 0.2345767479667988 0.6717784816424893 0.24217587389619588 0.6717784816424893 0.24217587389619588 0.6807556874036422 0.2345767479667988 0.6807556874036422
0 0.13402087229640552 0.7724176830701517 0.1407363789316866 0.7724176830701517 0.1407363789316866 0.7823398578587945 0.13402087229640552 0.7823398578587945
0 0.15098636274343144 0.7787962240057077 0.1573484216610662 0.7787962240057077 0.1573484216610662 0.7891908833080953 0.15098636274343144 0.7891908833080953
0 0.17219322580221388 0.7780874972350901 0.17890873243749497 0.7780874972350901 0.17890873243749497 0.7877734297668605 0.17219322580221388 0.7877734297668605
0 0.20029231935510058 0.7757250746663658 0.2084216168609672 0.7757250746663658 0.2084216168609672 0.784229795913774 0.20029231935510058 0.784229795913774
0 0.22220607784917576 0.7783237394919628 0.22909830834328007 0.7783237394919628 0.22909830834328007 0.7891908833080952 0.22220607784917576 0.7891908833080952
0 0.13720190175522287 0.8246272218389623 0.14303378909638803 0.8246272218389623 0.14303378909638803 0.8328957008294979 0.13720190175522287 0.8328957008294979
0 0.1573484216610662 0.8279346134351766 0.1635337567198777 0.8279346134351766 0.1635337567198777 0.8378567882238194 0.1573484216610662 0.8378567882238194
0 0.17802511314337907 0.8338406698569878 0.18491734363748336 0.8338406698569878 0.18491734363748336 0.8402192107925439 0.17802511314337907 0.8402192107925439
0 0.1965811183198137 0.83407691211386 0.2043569681080339 0.83407691211386 0.2043569681080339 0.8423453911043958 0.1965811183198137 0.8423453911043958
0 0.20895178843743675 0.8388017572513091 0.21655091436683377 0.8388017572513091 0.21655091436683377 0.8465977517280999 0.20895178843743675 0.8465977517280999
0 0.248891380531477 0.8364393346825847 0.2557836110255813 0.8364393346825847 0.2557836110255813 0.8463615094712275 0.248891380531477 0.8463615094712275
0 0.4508867511663796 0.0004724845137448932 0.45848587709577665 0.0004724845137448932 0.45848587709577665 0.007559752219918293 0.4508867511663796 0.007559752219918293
0 0.4699729279192838 0.00425236062370404 0.4759815391192721 0.00425236062370404 0.4759815391192721 0.01204835510049478 0.4699729279192838 0.01204835510049478
0 0.4943608204368835 0.0070872677061734005 0.5012530509309878 0.0070872677061734005 0.5012530509309878 0.01559198895358148 0.4943608204368835 0.01559198895358148
0 0.5166280266486051 0.0030711493393418064 0.5249340480132949 0.0030711493393418064 0.5249340480132949 0.010867143816132548 0.5166280266486051 0.010867143816132548
0 0.5397788521544427 0.006142298678683613 0.5477314258014859 0.006142298678683613 0.5477314258014859 0.012520839614239675 0.5397788521544427 0.012520839614239675
0 0.4528307136134347 0.058115595190621885 0.4620203542722404 0.058115595190621885 0.4620203542722404 0.06496662063992284 0.4528307136134347 0.06496662063992284
0 0.47297723351927795 0.057879352933749434 0.48110653102514456 0.057879352933749434 0.48110653102514456 0.06496662063992284 0.47297723351927795 0.06496662063992284
0 0.4971884021780545 0.04984711620008625 0.5054944235427443 0.04984711620008625 0.5054944235427443 0.0571706261631321 0.4971884021780545 0.0571706261631321
0 0.5187487129544833 0.05102832748444848 0.5245806002956486 0.05102832748444848 0.5245806002956486 0.06095050227309124 0.5187487129544833 0.06095050227309124
0 0.5433133293309064 0.0496108739432138 0.549675388248541 0.0496108739432138 0.549675388248541 0.05764311067687698 0.5433133293309064 0.05764311067687698
0 0.4496496841546173 0.1545024359945801 0.4565419146487215 0.1545024359945801 0.4565419146487215 0.1646608530400953 0.4496496841546173 0.1646608530400953
0 0.4710332710722229 0.14930510634338628 0.4784556731427968 0.14930510634338628 0.4784556731427968 0.15828231210453927 0.4710332710722229 0.15828231210453927
0 0.49170996255453575 0.15521116276519745 0.4982487453309936 0.15521116276519745 0.4982487453309936 0.16489709529696778 0.49170996255453575 0.16489709529696778
0 0.5118564824603791 0.15237625568272808 0.5178650936603675 0.15237625568272808 0.5178650936603675 0.16182594595762595 0.5118564824603791 0.16182594595762595
0 0.5321797262250455 0.1519037711689832 0.5396021282956194 0.1519037711689832 0.5396021282956194 0.1613534614438811 0.5321797262250455 0.1613534614438811
0 0.4482358932840318 0.2116730621577122 0.4558350192134288 0.2116730621577122 0.4558350192134288 0.22159523694635497 0.4482358932840318 0.22159523694635497
0 0.4680289654722287 0.2121455466714571 0.4743910243898634 0.2121455466714571 0.4743910243898634 0.22065026791886522 0.4680289654722287 0.22065026791886522
0 0.4848177320604315 0.20387706768092148 0.4927703057074749 0.20387706768092148 0.4927703057074749 0.21190930441458466 0.4848177320604315 0.21190930441458466
0 0.5083220052839154 0.20293209865343168 0.5160978550721356 0.20293209865343168 0.5160978550721356 0.21025560861647752 0.5083220052839154 0.21025560861647752
0 0.5270547343191732 0.20080591834157968 0.5337702409544542 0.20080591834157968 0.5337702409544542 0.21025560861647755 0.5270547343191732 0.21025560861647755
0 0.44876606486050136 0.31892704677780304 0.4574255339428375 0.31892704677780304 0.4574255339428375 0.32955794833706314 0.44876606486050136 0.32955794833706314
0 0.4765117106957418 0.31845456226405816 0.48322721733102286 0.31845456226405816 0.48322721733102286 0.3302666751076805 0.4765117106957418 0.3302666751076805
0 0.5031970133780429 0.3111310523010123 0.5106194154486167 0.3111310523010123 0.5106194154486167 0.3205807425759102 0.5031970133780429 0.3205807425759102
0 0.5268780104603499 0.30805990296167046 0.5344771363897469 0.30805990296167046 0.5344771363897469 0.31869080452093057 0.5268780104603499 0.31869080452093057
0 0.5560374471661758 0.3120760213285021 0.5623995060838105 0.3120760213285021 0.5623995060838105 0.3217619538602724 0.5560374471661758 0.3217619538602724
0 0.45689536236636796 0.3711365855466138 0.4648479360134113 0.3711365855466138 0.4648479360134113 0.37869633776653205 0.45689536236636796 0.37869633776653205
0 0.4812832548839678 0.36688422492290973 0.4895892762486576 0.36688422492290973 0.4895892762486576 0.3758614306840627 0.4812832548839678 0.3758614306840627
0 0.505140975825098 0.36074192624422613 0.5129168256133182 0.36074192624422613 0.5129168256133182 0.3704278587759964 0.505140975825098 0.3704278587759964
0 0.5284685251897586 0.3545996275655425 0.5348305841073934 0.3545996275655425 0.5348305841073934 0.36428556009731283 0.5284685251897586 0.36428556009731283
0 0.5498521121073642 0.3562533233636496 0.557274514177938 0.3562533233636496 0.557274514177938 0.36570301363854746 0.5498521121073642 0.36570301363854746
0 0.4500031318722636 0.470122091176169 0.45795570551930703 0.470122091176169 0.45795570551930703 0.4800442659648117 0.4500031318722636 0.4800442659648117
0 0.4772186061310344 0.4727207560017658 0.48570135135454734 0.4727207560017658 0.48570135135454734 0.480280508221684 0.4772186061310344 0.480280508221684
0 0.4943608204368835 0.469649606662424 0.5010763270721647 0.469649606662424 0.5010763270721647 0.4779180856529596 0.4943608204368835 0.4779180856529596
0 0.5187487129544833 0.467523426350572 0.5272314581779962 0.467523426350572 0.5272314581779962 0.47626438985485253 0.5187487129544833 0.47626438985485253
0 0.5431366054720831 0.4684683953780618 0.5517960745544193 0.4684683953780618 0.5517960745544193 0.47626438985485253 0.5431366054720831 0.47626438985485253
0 0.4498264080134404 0.5237490834862143 0.45601174307225195 0.5237490834862143 0.45601174307225195 0.5346162273023468 0.4498264080134404 0.5346162273023468
0 0.4733306812369243 0.5218591454312347 0.4800461878722054 0.5218591454312347 0.4800461878722054 0.5329625315042397 0.4733306812369243 0.5329625315042397
0 0.5024901179427501 0.5206779341468725 0.5097357961545007 0.5206779341468725 0.5097357961545007 0.5310725934492602 0.5024901179427501 0.5310725934492602
0 0.5221064662721238 0.5216229031743623 0.5297055922015208 0.5216229031743623 0.5297055922015208 0.532490046990495 0.5221064662721238 0.532490046990495
0 0.5493219405308946 0.5218591454312347 0.5576279618955843 0.5218591454312347 0.5576279618955843 0.5313088357061326 0.5493219405308946 0.5313088357061326
0 0.45583501921342884 0.6267507074826011 0.46237380198988676 0.6267507074826011 0.46237380198988676 0.6385628203262234 0.45583501921342884 0.6385628203262234
0 0.47032637563693014 0.6262782229688562 0.47845567314279674 0.6262782229688562 0.47845567314279674 0.6369091245281162 0.47032637563693014 0.6369091245281162
0 0.49789529761334733 0.6258057384551113 0.506201318978037 0.6258057384551113 0.506201318978037 0.6354916709868816 0.49789529761334733 0.6354916709868816
0 0.5201625038250688 0.6274594342532184 0.5261711150250571 0.6274594342532184 0.5261711150250571 0.6392715470968408 0.5201625038250688 0.6392715470968408
0 0.5399555760132657 0.6269869497394736 0.5480848735191323 0.6269869497394736 0.5480848735191323 0.6364366400143714 0.5399555760132657 0.6364366400143714
0 0.45071002730755644 0.680613942049519 0.4574255339428375 0.680613942049519 0.4574255339428375 0.6902998745812893 0.45071002730755644 0.6902998745812893
0 0.47580481526044893 0.6834488491319884 0.4828737696133764 0.6834488491319884 0.4828737696133764 0.6924260548931414 0.47580481526044893 0.6924260548931414
0 0.49807202147217056 0.6867562407282025 0.506024595119214 0.6867562407282025 0.506024595119214 0.6943159929481209 0.49807202147217056 0.6943159929481209
0 0.5251107718721181 0.6782515194807943 0.5307659353544599 0.6782515194807943 0.5307659353544599 0.6872287252419473 0.5251107718721181 0.6872287252419473
0 0.5427831577544368 0.6794327307651565 0.5491452166720715 0.6794327307651565 0.5491452166720715 0.6912448436087789 0.5427831577544368 0.6912448436087789
0 0.456011743072252 0.7864504731283749 0.46219707813106364 0.7864504731283749 0.46219707813106364 0.7961364056601454 0.456011743072252 0.7961364056601454
0 0.4781022254251504 0.779126963165329 0.4853479036369011 0.779126963165329 0.4853479036369011 0.7876316844127371 0.4781022254251504 0.7876316844127371
0 0.5024901179427502 0.7819618702477985 0.5104426915897937 0.7819618702477985 0.5104426915897937 0.7902303492383341 0.5024901179427502 0.7902303492383341
0 0.5293521444838745 0.7824343547615433 0.5360676511191557 0.7824343547615433 0.5360676511191557 0.7923565295501862 0.5293521444838745 0.7923565295501862
0 0.5472012542250164 0.7831430815321608 0.5549771040132367 0.7831430815321608 0.5549771040132367 0.7916478027795688 0.5472012542250164 0.7916478027795688
0 0.4544212283428433 0.8386600118971856 0.46113673497812446 0.8386600118971856 0.46113673497812446 0.8471647331445938 0.4544212283428433 0.8471647331445938
0 0.4782789492839736 0.8355888625578438 0.4864082467898402 0.8355888625578438 0.4864082467898402 0.8459835218602314 0.4782789492839736 0.8459835218602314
0 0.5021366702251038 0.8285015948516704 0.5083220052839154 0.8285015948516704 0.5083220052839154 0.8391324964109306 0.5021366702251038 0.8391324964109306
0 0.5314728307897527 0.826139172282946 0.5385417851426803 0.826139172282946 0.5385417851426803 0.837242558355951 0.5314728307897527 0.837242558355951
0 0.5551538278720598 0.8325177132185022 0.5631064015191033 0.8325177132185022 0.5631064015191033 0.8400774654384203 0.5551538278720598 0.8400774654384203
