0 0.1258262644019863 0.17019552482199024 0.13523504264573277 0.17019552482199024 0.13523504264573277 0.17734185309238173 0.1258262644019863 0.17734185309238173
0 0.16731042302214122 0.17705599996156612 0.1737254990974229 0.17705599996156612 0.1737254990974229 0.1879184189325612 0.16731042302214122 0.1879184189325612
0 0.20387635665124682 0.17305405613014685 0.21200211967993693 0.17305405613014685 0.21200211967993693 0.18334476883951065 0.20387635665124682 0.18334476883951065
0 0.25327244243091573 0.16990967169117457 0.26032902611372566 0.16990967169117457 0.26032902611372566 0.1799145312697227 0.25327244243091573 0.1799145312697227
0 0.2994609901729439 0.17391161552259382 0.30630373798657773 0.17391161552259382 0.30630373798657773 0.1824872094470636 0.2994609901729439 0.1824872094470636
0 0.12438990107488745 0.22701672721063923 0.13017359100000994 0.22701672721063923 0.13017359100000994 0.23453352629294427 0.12438990107488745 0.23453352629294427
0 0.15138045405879239 0.22529860170611232 0.1568428278769636 0.22529860170611232 0.1568428278769636 0.23345969785261497 0.15138045405879239 0.23345969785261497
0 0.2002205023153822 0.22551336739417813 0.20696814056135837 0.22551336739417813 0.20696814056135837 0.2341039949168126 0.2002205023153822 0.2341039949168126
0 0.2484179183580695 0.22401000757771708 0.2546835824436189 0.22401000757771708 0.2546835824436189 0.23281540078841742 0.2484179183580695 0.23281540078841742
0 0.287136509245695 0.22465430464191477 0.29516941191947627 0.22465430464191477 0.29516941191947627 0.231956338036154 0.287136509245695 0.231956338036154
0 0.13852780978074242 0.30970151711599553 0.14640005440104803 0.30970151711599553 0.14640005440104803 0.31678878482216893 0.13852780978074242 0.31678878482216893
0 0.16953481410153795 0.3103458141801931 0.17692508456141662 0.3103458141801931 0.17692508456141662 0.31678878482216893 0.16953481410153795 0.31678878482216893
0 0.2106632757912978 0.30841292298760037 0.21660762376989587 0.30841292298760037 0.21660762376989587 0.3180773789505641 0.2106632757912978 0.3180773789505641
0 0.25564753076447266 0.3092719857398638 0.26271648511740003 0.3092719857398638 0.26271648511740003 0.3185069103266958 0.25564753076447266 0.3185069103266958
0 0.1745152137592823 0.3627486420682631 0.18335140670044164 0.3627486420682631 0.18335140670044164 0.3709097382147658 0.1745152137592823 0.3709097382147658
0 0.20102379258276032 0.35802379693081415 0.2069681405613584 0.35802379693081415 0.2069681405613584 0.367688252893778 0.20102379258276032 0.367688252893778
0 0.25050647305325263 0.3590976253711435 0.25629016297837515 0.3590976253711435 0.25629016297837515 0.36833254995797543 0.25050647305325263 0.36833254995797543
0 0.30143507600502556 0.3180773789505641 0.3093073206253311 0.3180773789505641 0.3093073206253311 0.32537941234480333 0.30143507600502556 0.32537941234480333
0 0.30770074009057496 0.35329895179336523 0.3155729847108805 0.35329895179336523 0.3155729847108805 0.3616748136279338 0.30770074009057496 0.3616748136279338
0 0.14286557722458426 0.47936641068802543 0.14993453157751174 0.47936641068802543 0.14993453157751174 0.48752750683452806 0.14286557722458426 0.48752750683452806
0 0.17499718791970914 0.48172883325674987 0.18158416811220973 0.48172883325674987 0.18158416811220973 0.4928966490361747 0.17499718791970914 0.4928966490361747
0 0.2016664247966628 0.4819435989448157 0.20905669525654152 0.4819435989448157 0.20905669525654152 0.49139328921971365 0.2016664247966628 0.49139328921971365
0 0.22624710697843334 0.47442679986251063 0.2337980354917877 0.47442679986251063 0.2337980354917877 0.4851650842658036 0.22624710697843334 0.4851650842658036
0 0.2757297874489257 0.47829258224769616 0.2826380837483775 0.47829258224769616 0.2826380837483775 0.48752750683452806 0.2757297874489257 0.48752750683452806
0 0.2996678374167937 0.48387649013740863 0.30673679176972113 0.48387649013740863 0.30673679176972113 0.49590336866909673 0.2996678374167937 0.49590336866909673
0 0.13499333260427868 0.5259705649983171 0.14190162890373048 0.5259705649983171 0.14190162890373048 0.5332725983925565 0.13499333260427868 0.5332725983925565
0 0.1581280923047686 0.5283329875670416 0.16567902081812297 0.5283329875670416 0.16567902081812297 0.5352054895851491 0.1581280923047686 0.5352054895851491
0 0.18270877448653913 0.5255410336221855 0.1907416771603203 0.5255410336221855 0.1907416771603203 0.5341316611448199 0.18270877448653913 0.5341316611448199
0 0.21098459189824903 0.5261853306863831 0.2178928881977009 0.5261853306863831 0.2178928881977009 0.5337021297686881 0.21098459189824903 0.5337021297686881
0 0.4458434657693953 0.14456191223406747 0.4516753531105605 0.14456191223406747 0.4516753531105605 0.15424784476583783 0.4458434657693953 0.15424784476583783
0 0.5144141154586775 0.15146245803623648 0.5210010956511784 0.15146245803623648 0.5210010956511784 0.15897925711854158 0.5144141154586775 0.15897925711854158
0 0.5645394281430725 0.1458785501465241 0.5701624600147194 0.1458785501465241 0.5701624600147194 0.15726113161401475 0.5645394281430725 0.15726113161401475
0 0.616913953576126 0.1486705040913803 0.6247861981964316 0.1486705040913803 0.6247861981964316 0.1557577717975537 0.616913953576126 0.1557577717975537
0 0.43745890784385355 0.1894759848238938 0.4445278621967811 0.1894759848238938 0.4445278621967811 0.19914044078685755 0.43745890784385355 0.19914044078685755
0 0.477462763159284 0.20085856629138446 0.48308579503093085 0.20085856629138446 0.48308579503093085 0.2111673193185457 0.477462763159284 0.2111673193185457
0 0.5218043859185564 0.2042948173004382 0.5303192627527643 0.2042948173004382 0.5303192627527643 0.21267067913500676 0.5218043859185564 0.21267067913500676
0 0.5597196865388037 0.1965632525300672 0.567270615052158 0.1965632525300672 0.567270615052158 0.20515388005270166 0.5597196865388037 0.20515388005270166
0 0.6026153868167955 0.19269747014488167 0.6108089475440522 0.19269747014488167 0.6108089475440522 0.201502863355582 0.6026153868167955 0.201502863355582
0 0.4499902360149523 0.2886977327103214 0.4589870870095872 0.2886977327103214 0.4589870870095872 0.2998655484897461 0.4499902360149523 0.2998655484897461
0 0.4874235624747728 0.2803218708757529 0.49625975541593215 0.2803218708757529 0.49625975541593215 0.289342029774519 0.4874235624747728 0.289342029774519
0 0.5381915073730701 0.2869796072057945 0.5447784875655706 0.2869796072057945 0.5447784875655706 0.29728836023295585 0.5381915073730701 0.29728836023295585
0 0.5928152455547824 0.2882682013341897 0.5990809096403317 0.2882682013341897 0.5990809096403317 0.29771789160908757 0.5928152455547824 0.29771789160908757
0 0.6355502877792985 0.2859057787654652 0.6426192421322258 0.2859057787654652 0.6426192421322258 0.2964292974806924 0.6355502877792985 0.2964292974806924
0 0.43794088200428055 0.3460401714239062 0.44581312662458616 0.3460401714239062 0.44581312662458616 0.3537717361942772 0.43794088200428055 0.3537717361942772
0 0.4789086856405646 0.34518110867164276 0.4883875107956265 0.34518110867164276 0.4883875107956265 0.3544160332584747 0.4789086856405646 0.3544160332584747
0 0.5896020844852699 0.3428186861029182 0.5971530129986242 0.3428186861029182 0.5971530129986242 0.3518388450016845 0.5896020844852699 0.3518388450016845
0 0.6310518622819811 0.3430334517909842 0.6381208166349085 0.3430334517909842 0.6381208166349085 0.35355697050621143 0.6310518622819811 0.35355697050621143
0 0.5425292748169119 0.3445368116074452 0.5492769130628882 0.3445368116074452 0.5492769130628882 0.35377173619427715 0.5425292748169119 0.35377173619427715
0 0.6100056572766741 0.47983919508893735 0.6183598760574066 0.47983919508893735 0.6183598760574066 0.48800029123544003 0.6100056572766741 0.48800029123544003
0 0.44340325582245155 0.5367521024263904 0.45159681654970835 0.5367521024263904 0.45159681654970835 0.545127964260959 0.44340325582245155 0.545127964260959
0 0.48790553663519953 0.5242956925185706 0.49529580709507837 0.5242956925185706 0.49529580709507837 0.5326715543531392 0.48790553663519953 0.5326715543531392
0 0.528391366111057 0.5285910062798878 0.5359422946244112 0.5285910062798878 0.5359422946244112 0.5386849936189831 0.528391366111057 0.5386849936189831
0 0.5708050922286219 0.5234366297663071 0.578837994902403 0.5234366297663071 0.578837994902403 0.5335306171054026 0.5708050922286219 0.5335306171054026
0 0.6125761861322842 0.5335306171054026 0.618199218003931 0.5335306171054026 0.618199218003931 0.5434098387564322 0.6125761861322842 0.5434098387564322
0 0.7723475382250402 0.16871773125656983 0.7787738603640652 0.16871773125656983 0.7787738603640652 0.1781674215314677 0.7723475382250402 0.1781674215314677
0 0.8150825804495563 0.17344257639401878 0.8219908767490081 0.17344257639401878 0.8219908767490081 0.18160367254052148 0.8150825804495563 0.18160367254052148
0 0.8624767062248657 0.18224796960471906 0.869545660577793 0.18224796960471906 0.869545660577793 0.18933523731089244 0.8624767062248657 0.18933523731089244
0 0.8997493746312102 0.17344257639401878 0.9069789870376135 0.17344257639401878 0.9069789870376135 0.1820332039166532 0.8997493746312102 0.1820332039166532
0 0.9403958621605433 0.18267750098085078 0.9466615262460928 0.18267750098085078 0.9466615262460928 0.19212719125574867 0.9403958621605433 0.19212719125574867
0 0.7710622737972352 0.22283868464916673 0.7790951764710164 0.22283868464916673 0.7790951764710164 0.23035548373147183 0.7710622737972352 0.23035548373147183
0 0.8129940257543731 0.22756352978661568 0.8208662703746787 0.22756352978661568 0.8208662703746787 0.23572462593311838 0.8129940257543731 0.23572462593311838
0 0.8526765649628524 0.22885212391501086 0.8579782807275479 0.22885212391501086 0.8579782807275479 0.23701322006151357 0.8526765649628524 0.23701322006151357
0 0.8957329232943197 0.24410048776768695 0.9011952971124909 0.24410048776768695 0.9011952971124909 0.2514025211619262 0.8957329232943197 0.2514025211619262
0 0.9330055917006647 0.23336220336439392 0.9384679655188359 0.23336220336439392 0.9384679655188359 0.24302665932735767 0.9330055917006647 0.24302665932735767
0 0.768652402995101 0.3267852776730432 0.776363989561931 0.3267852776730432 0.776363989561931 0.3347316081314802 0.768652402995101 0.3347316081314802
0 0.8057644133479701 0.32592621492077983 0.8120300774335195 0.32592621492077983 0.8120300774335195 0.3353759051956777 0.8057644133479701 0.3353759051956777
0 0.8430370817543149 0.3308658257462946 0.8489814297329131 0.3308658257462946 0.8489814297329131 0.34010075033312664 0.8430370817543149 0.34010075033312664
0 0.935314649574243 0.3320197846421422 0.9412657018134127 0.3320197846421422 0.9412657018134127 0.34032095956102904 0.935314649574243 0.34032095956102904
0 0.7743059598969079 0.3818741298552887 0.7816930171957172 0.3818741298552887 0.7816930171957172 0.3899299908146391 0.7743059598969079 0.3899299908146391
0 0.8057981515391998 0.3722590700005802 0.8135740013274199 0.3722590700005802 0.8135740013274199 0.38083466392505 0.8057981515391998 0.38083466392505
0 0.8442886079908899 0.3660222744191475 0.8501204953320551 0.3660222744191475 0.8501204953320551 0.37667680020409494 0.8442886079908899 0.37667680020409494
0 0.9352660505130665 0.3756373342738561 0.9432362965459923 0.3756373342738561 0.9432362965459923 0.3839530617157662 0.9352660505130665 0.3839530617157662
