0 0.15541229778683296 0.16160314342094362 0.1624813735994572 0.16160314342094362 0.1624813735994572 0.16773277756626914 0.15541229778683296 0.16773277756626914
0 0.18922922802560307 0.16364635480271883 0.19400563060170053 0.16364635480271883 0.19400563060170053 0.17233000317526329 0.18922922802560307 0.17233000317526329
0 0.21807869958523182 0.1674773761435473 0.22381038267654876 0.1674773761435473 0.22381038267654876 0.17616102451609175 0.21807869958523182 0.17616102451609175
0 0.24234282467180698 0.16185854484366555 0.24922084438138734 0.16185854484366555 0.24922084438138734 0.17028679179348816 0.24234282467180698 0.17028679179348816
0 0.2729118011588308 0.16058153773005607 0.2797898208684112 0.16058153773005607 0.2797898208684112 0.16849898183443485 0.2729118011588308 0.16849898183443485
0 0.15579440999292077 0.21472663934709801 0.16037975646597435 0.21472663934709801 0.16037975646597435 0.2228994848741987 0.15579440999292077 0.2228994848741987
0 0.17566424470948624 0.21651444930615132 0.18273332052211053 0.21651444930615132 0.18273332052211053 0.22673050621502713 0.17566424470948624 0.22673050621502713
0 0.20718850171172956 0.21549284361526372 0.21368440921522214 0.21549284361526372 0.21368440921522214 0.22187787918331106 0.20718850171172956 0.22187787918331106
0 0.2352737488591827 0.21370503365621044 0.2419607124657192 0.21370503365621044 0.2419607124657192 0.21881306211064835 0.2352737488591827 0.21881306211064835
0 0.26603378144925044 0.21191722369715724 0.2717654645405675 0.21191722369715724 0.2717654645405675 0.22111167491514544 0.26603378144925044 0.22111167491514544
0 0.14375787550115512 0.3145885956313593 0.15159117572595499 0.3145885956313593 0.15159117572595499 0.3240384482720695 0.14375787550115512 0.3240384482720695
0 0.17757480573992526 0.3097359685996433 0.1844528254495056 0.3097359685996433 0.1844528254495056 0.3181642155494659 0.17757480573992526 0.3181642155494659
0 0.2020299869295443 0.305649545836093 0.210245399360432 0.305649545836093 0.210245399360432 0.31305618709502797 0.2020299869295443 0.31305618709502797
0 0.23240790731352423 0.30743735579514625 0.2389038148170168 0.30743735579514625 0.2389038148170168 0.3171426098585783 0.23240790731352423 0.3171426098585783
0 0.2564809762970555 0.30820356006331195 0.26507850093403096 0.30820356006331195 0.26507850093403096 0.3143331942086375 0.2564809762970555 0.3143331942086375
0 0.13936358513114547 0.3715431128983422 0.1452863243255063 0.3715431128983422 0.1452863243255063 0.3809929655390524 0.13936358513114547 0.3809929655390524
0 0.17298945926687168 0.36720128871207 0.17948536677036425 0.36720128871207 0.17948536677036425 0.3756295356618925 0.17298945926687168 0.3756295356618925
0 0.1974446404564907 0.3677120915575137 0.2050868845782467 0.3677120915575137 0.2050868845782467 0.3758849370846144 0.1974446404564907 0.3758849370846144
0 0.22457460708872434 0.3605608517213006 0.2324079073135242 0.3605608517213006 0.2324079073135242 0.3700107043620108 0.22457460708872434 0.3700107043620108
0 0.25055823710269465 0.3574960346486379 0.2578183690183628 0.3574960346486379 0.2578183690183628 0.36669048586662617 0.25055823710269465 0.36669048586662617
0 0.15827813933249144 0.46859565353266264 0.16496510293902789 0.46859565353266264 0.16496510293902789 0.47651309763704136 0.15827813933249144 0.47651309763704136
0 0.17986747897645197 0.472426674873491 0.18636338647994455 0.472426674873491 0.18636338647994455 0.4793225132869822 0.17986747897645197 0.4793225132869822
0 0.2048958284752028 0.4632322236555028 0.21043645546347584 0.4632322236555028 0.21043645546347584 0.4729374777189349 0.2048958284752028 0.4729374777189349
0 0.22247298995524148 0.46144441369644956 0.22896889745873406 0.46144441369644956 0.22896889745873406 0.4698726606462721 0.22247298995524148 0.4698726606462721
0 0.25151351761791413 0.4504621525194079 0.2578183690183628 0.4504621525194079 0.2578183690183628 0.4604228080055619 0.25151351761791413 0.4604228080055619
0 0.16783094448468638 0.5260609736450892 0.17394473978209116 0.5260609736450892 0.17394473978209116 0.5334676149040243 0.16783094448468638 0.5334676149040243
0 0.18636338647994458 0.5237623608405921 0.19362351839561276 0.5237623608405921 0.19362351839561276 0.5319352063676928 0.18636338647994458 0.5319352063676928
0 0.20986328715434413 0.5201867409224856 0.21674130686392454 0.5201867409224856 0.21674130686392454 0.5273379807586988 0.20986328715434413 0.5273379807586988
0 0.23450952444700712 0.5212083466133732 0.2417696563626753 0.5212083466133732 0.2417696563626753 0.5329568120585804 0.23450952444700712 0.5329568120585804
0 0.2543793591635726 0.5181435295407104 0.26068421056402125 0.5181435295407104 0.26068421056402125 0.529125790717752 0.2543793591635726 0.529125790717752
0 0.14509526822246244 0.6233689157021316 0.15101800741682328 0.6233689157021316 0.15101800741682328 0.6325633669201198 0.14509526822246244 0.6325633669201198
0 0.1691683372059937 0.6282215427338476 0.174135795885135 0.6282215427338476 0.174135795885135 0.6374159939518359 0.1691683372059937 0.6374159939518359
0 0.1869365547890763 0.6231135142794096 0.19209506957126157 0.6231135142794096 0.19209506957126157 0.6317971626519541 0.1869365547890763 0.6317971626519541
0 0.1491074463863843 0.6678087632557416 0.15636757830205245 0.6678087632557416 0.15636757830205245 0.6754708059373983 0.1491074463863843 0.6754708059373983
0 0.17929431066732032 0.6698519746375166 0.1850259937586373 0.6698519746375166 0.1850259937586373 0.6787910244327829 0.17929431066732032 0.6787910244327829
0 0.22514777539785608 0.6269445356202381 0.23393635613787542 0.6269445356202381 0.23393635613787542 0.6338403740337293 0.22514777539785608 0.6338403740337293
0 0.2545704152666165 0.6269445356202381 0.2606842105640212 0.6269445356202381 0.2606842105640212 0.6358835854155045 0.2545704152666165 0.6358835854155045
0 0.20929011884521245 0.6698519746375166 0.21635919465783673 0.6698519746375166 0.21635919465783673 0.6795572287009487 0.20929011884521245 0.6795572287009487
0 0.23183473900439253 0.673938397401067 0.2398590953322363 0.673938397401067 0.2398590953322363 0.6828774471963334 0.23183473900439253 0.6828774471963334
0 0.2595378739457579 0.6729167917101795 0.2662248375522943 0.6729167917101795 0.2662248375522943 0.6810896372372802 0.2595378739457579 0.6810896372372802
0 0.15732285881727195 0.7758435650671035 0.164774046835984 0.7758435650671035 0.164774046835984 0.7855488191305358 0.15732285881727195 0.7855488191305358
0 0.17833903015210079 0.7738003536853283 0.1854081059647251 0.7738003536853283 0.1854081059647251 0.7829948049033166 0.17833903015210079 0.7829948049033166
0 0.21024539936043196 0.7689477266536123 0.2178876434821879 0.7689477266536123 0.2178876434821879 0.7789083821397662 0.21024539936043196 0.7789083821397662
0 0.2389038148170168 0.774566557953494 0.2431070490839826 0.774566557953494 0.2431070490839826 0.7850380162850918 0.2389038148170168 0.7850380162850918
0 0.27386708167405033 0.7707355366126656 0.28246460631102577 0.7707355366126656 0.28246460631102577 0.7789083821397663 0.27386708167405033 0.7789083821397663
0 0.15541229778683296 0.8289670609932578 0.1626724297025011 0.8289670609932578 0.1626724297025011 0.8368845050976367 0.15541229778683296 0.8368845050976367
0 0.17814797404905694 0.8333088851795303 0.18617233037690067 0.8333088851795303 0.18617233037690067 0.8394385193248556 0.17814797404905694 0.8394385193248556
0 0.20814378222694907 0.8233482296933763 0.21368440921522214 0.8233482296933763 0.21368440921522214 0.8325426809113644 0.20814378222694907 0.8325426809113644
0 0.23508269275613883 0.8207942154661572 0.24215176856876305 0.8207942154661572 0.24215176856876305 0.826157645343317 0.23508269275613883 0.826157645343317
0 0.27004595961317235 0.8253914410751514 0.2776882037349283 0.8253914410751514 0.2776882037349283 0.8325426809113643 0.27004595961317235 0.8325426809113643
0 0.1300018360819944 0.9157175305017742 0.1363066874824431 0.9157175305017742 0.1363066874824431 0.9246565802970407 0.1300018360819944 0.9246565802970407
0 0.16229031749641332 0.911375706315502 0.16821305669077416 0.911375706315502 0.16821305669077416 0.9195485518426029 0.16229031749641332 0.9195485518426029
0 0.1812048716977593 0.913674319119999 0.18731866699516408 0.913674319119999 0.18731866699516408 0.923634974606153 0.1812048716977593 0.923634974606153
0 0.20145681862041256 0.9177607418835494 0.21005434325738806 0.9177607418835494 0.21005434325738806 0.9279767987924252 0.20145681862041256 0.9279767987924252
0 0.23661114158049001 0.9198039532653246 0.24463549790833375 0.9198039532653246 0.24463549790833375 0.9312970172878099 0.23661114158049001 0.9312970172878099
0 0.1452863243255063 0.9660316107779877 0.15369279285943788 0.9660316107779877 0.15369279285943788 0.974970660573254 0.1452863243255063 0.974970660573254
0 0.1691683372059937 0.9660316107779877 0.17566424470948622 0.9660316107779877 0.17566424470948622 0.9747152591505323 0.1691683372059937 0.9747152591505323
0 0.19859097707475415 0.9678194207370409 0.2033673796508516 0.9678194207370409 0.2033673796508516 0.9765030691095853 0.19859097707475415 0.9765030691095853
0 0.21483074583348555 0.9685856250052067 0.22304615826437316 0.9685856250052067 0.22304615826437316 0.9765030691095853 0.21483074583348555 0.9765030691095853
0 0.23966803922919241 0.9719058435005913 0.2457818345265972 0.9719058435005913 0.2457818345265972 0.9821219004094671 0.23966803922919241 0.9821219004094671
0 0.2620216032853286 0.9757368648414199 0.26870856689186495 0.9757368648414199 0.26870856689186495 0.983143506100355 0.2620216032853286 0.983143506100355
0 0.2832288307232014 0.9808448932958578 0.2895336821236501 0.9808448932958578 0.2895336821236501 0.9897839430911242 0.2832288307232014 0.9897839430911242
