0 0.45378764495072343 0.3071367479085208 0.46207810596296733 0.3071367479085208 0.46207810596296733 0.31821933309587275 0.45378764495072343 0.31821933309587275
0 0.4734391080908572 0.30795768014462094 0.48172956910310105 0.30795768014462094 0.48172956910310105 0.3173984008597726 0.4734391080908572 0.3173984008597726
0 0.495239950011943 0.30754721402657087 0.5023021945779286 0.30754721402657087 0.5023021945779286 0.3178088669778227 0.495239950011943 0.3178088669778227
0 0.5116318180586493 0.30956901407911497 0.5179759112727935 0.30956901407911497 0.5179759112727935 0.3194066317844472 0.5116318180586493 0.3194066317844472
0 0.5316791526153456 0.30990824227585057 0.5392920644723188 0.30990824227585057 0.5392920644723188 0.31872817539097603 0.5316791526153456 0.31872817539097603
0 0.45910272624553355 0.37198700227846476 0.4662081106453753 0.37198700227846476 0.4662081106453753 0.3808069353935903 0.45910272624553355 0.3808069353935903
0 0.48397157164497967 0.3662201229339596 0.491584483501953 0.3662201229339596 0.491584483501953 0.37571851244255633 0.48397157164497967 0.37571851244255633
0 0.5083328895872942 0.3641847537535461 0.5149307465300044 0.3641847537535461 0.5149307465300044 0.37402237145887834 0.5083328895872942 0.37402237145887834
0 0.527872696686859 0.3604532435894546 0.5362468997295294 0.3604532435894546 0.5362468997295294 0.37063008949152243 0.527872696686859 0.37063008949152243
0 0.550457668529213 0.3628278409666037 0.5575630529290548 0.3628278409666037 0.5575630529290548 0.3699516330980512 0.550457668529213 0.3699516330980512
0 0.4601177811597968 0.47002395113505246 0.46823822047390157 0.47002395113505246 0.46823822047390157 0.4802007970371204 0.4601177811597968 0.4802007970371204
0 0.4862554452020717 0.4723985485122016 0.49539093943043966 0.4723985485122016 0.49539093943043966 0.4815577098240627 0.4862554452020717 0.4815577098240627
0 0.5126468729729124 0.47579083047955756 0.5205135485584514 0.47579083047955756 0.5205135485584514 0.4863069045783611 0.5126468729729124 0.4863069045783611
0 0.5443673390436344 0.472059320315466 0.5522340146291734 0.472059320315466 0.5522340146291734 0.4818969380207983 0.5443673390436344 0.4818969380207983
0 0.5684748932573832 0.47273777670893724 0.5768490963000538 0.47273777670893724 0.5768490963000538 0.478843884250178 0.5684748932573832 0.478843884250178
0 0.4865092089306374 0.5304065701539887 0.49488341197330815 0.5304065701539887 0.49488341197330815 0.5385480468756431 0.4865092089306374 0.5385480468756431
0 0.508840417044426 0.5253181472029549 0.5161995651728333 0.5253181472029549 0.5161995651728333 0.5351557649082875 0.508840417044426 0.5351557649082875
0 0.5332017349867402 0.5198904960551857 0.5408146468437135 0.5198904960551857 0.5408146468437135 0.5304065701539887 0.5332017349867402 0.5304065701539887
0 0.5527415420863051 0.519212039661714 0.5601006902147126 0.519212039661714 0.5601006902147126 0.5293888855637819 0.5527415420863051 0.5293888855637819
0 0.4550425065884812 0.6192843576987153 0.46316294590258605 0.6192843576987153 0.46316294590258605 0.6267473780268984 0.4550425065884812 0.6267473780268984
0 0.48219522554501926 0.620302042288922 0.48752426384490055 0.620302042288922 0.48752426384490055 0.6304788881909899 0.48219522554501926 0.6304788881909899
0 0.5065565434873337 0.6189451295019796 0.5144232190728728 0.6189451295019796 0.5144232190728728 0.6304788881909899 0.5065565434873337 0.6304788881909899
0 0.5299028065153852 0.6135174783542101 0.5370081909152268 0.6135174783542101 0.5370081909152268 0.6250512370432204 0.5299028065153852 0.6250512370432204
0 0.5542641244576997 0.6138567065509456 0.5613695088575414 0.6138567065509456 0.5613695088575414 0.6233550960595424 0.5542641244576997 0.6233550960595424
0 0.4550425065884812 0.6749177819633532 0.4634167096311518 0.6749177819633532 0.4634167096311518 0.6850946278654211 0.4550425065884812 0.6850946278654211
0 0.48143393435932197 0.6762746947502956 0.4910769560448214 0.6762746947502956 0.4910769560448214 0.6844161714719498 0.48143393435932197 0.6844161714719498
0 0.506302779758768 0.6806846613078583 0.5131544004300439 0.6806846613078583 0.5131544004300439 0.6908615072099262 0.506302779758768 0.6908615072099262
0 0.531171625158214 0.6755962383568241 0.5382770095580557 0.6755962383568241 0.5382770095580557 0.6840769432752141 0.531171625158214 0.6840769432752141
0 0.5547716519148312 0.6749177819633532 0.561877036314673 0.6749177819633532 0.561877036314673 0.6837377150784786 0.5547716519148312 0.6837377150784786
0 0.46570058318824387 0.7827923485252731 0.47305973131665124 0.7827923485252731 0.47305973131665124 0.791273053443663 0.46570058318824387 0.791273053443663
0 0.4920920109590845 0.7848277177056867 0.5014812689160183 0.7848277177056867 0.5014812689160183 0.792969194427341 0.4920920109590845 0.792969194427341
0 0.5225436583869777 0.7838100331154798 0.5293952790582537 0.7838100331154798 0.5293952790582537 0.7926299662306052 0.5225436583869777 0.7926299662306052
0 0.5456361576864633 0.779400066557917 0.5524877783577391 0.779400066557917 0.5524877783577391 0.7899161406567206 0.5456361576864633 0.7899161406567206
0 0.5661910197002912 0.7827923485252731 0.5730426403715672 0.7827923485252731 0.5730426403715672 0.7929691944273412 0.5661910197002912 0.7929691944273412
0 0.46011778115979673 0.8363904036094975 0.46849198420246735 0.8363904036094975 0.46849198420246735 0.8448711085278873 0.46011778115979673 0.8448711085278873
0 0.5164533289013991 0.8350334908225551 0.5248275319440697 0.8350334908225551 0.5248275319440697 0.8431749675442093 0.5164533289013991 0.8431749675442093
0 0.5428447566722399 0.8343550344290839 0.5486813224292526 0.8343550344290839 0.5486813224292526 0.8438534239376805 0.5428447566722399 0.8438534239376805
0 0.5626383275003703 0.8323196652486704 0.5689824207145148 0.8323196652486704 0.5689824207145148 0.8411395983637958 0.5626383275003703 0.8411395983637958
0 0.5831931895141982 0.8329981216421414 0.5908061013711715 0.8329981216421414 0.5908061013711715 0.8404611419703246 0.5831931895141982 0.8404611419703246
