0 0.14279997967126357 0.01819496691581839 0.14995150293084455 0.01819496691581839 0.14995150293084455 0.028063423548126673 0.14279997967126357 0.028063423548126673
0 0.1651773266447911 0.020045302534376194 0.17209815560567593 0.020045302534376194 0.17209815560567593 0.028680202087645938 0.1651773266447911 0.028680202087645938
0 0.19355272538441878 0.023437584501732167 0.20024286004660746 0.023437584501732167 0.20024286004660746 0.03238087332476154 0.19355272538441878 0.03238087332476154
0 0.21593007235794634 0.01912013472509729 0.22446576140970428 0.01912013472509729 0.22446576140970428 0.025596309390049598 0.21593007235794634 0.025596309390049598
0 0.24915005137019336 0.01973691326461656 0.25491740883759734 0.01973691326461656 0.25491740883759734 0.02713825573884777 0.24915005137019336 0.02713825573884777
0 0.14464553406083286 0.07092953204471575 0.1527198345151984 0.07092953204471575 0.1527198345151984 0.08264832429558183 0.14464553406083286 0.08264832429558183
0 0.1697912126187143 0.07277986766327356 0.1767120415795991 0.07277986766327356 0.1767120415795991 0.08141476721654332 0.1697912126187143 0.08141476721654332
0 0.19355272538441878 0.0767889281701488 0.20024286004660746 0.0767889281701488 0.20024286004660746 0.08449865991413964 0.19355272538441878 0.08449865991413964
0 0.216852849552731 0.074938592551591 0.2242350671110081 0.074938592551591 0.2242350671110081 0.08172315648630293 0.216852849552731 0.08172315648630293
0 0.2461510254871433 0.06907919642615797 0.2519183829545473 0.06907919642615797 0.2519183829545473 0.08018121013750477 0.2461510254871433 0.08018121013750477
0 0.13957025948951732 0.16097919881452882 0.14626039415170597 0.16097919881452882 0.14626039415170597 0.17084765544683714 0.13957025948951732 0.17084765544683714
0 0.17071398981349895 0.16067080954476917 0.17648134728090298 0.16067080954476917 0.17648134728090298 0.171772823256116 0.17071398981349895 0.171772823256116
0 0.19401411398181112 0.16036242027500958 0.2007042486439998 0.16036242027500958 0.2007042486439998 0.16868893055851966 0.19401411398181112 0.16868893055851966
0 0.221236041227958 0.16653020567020224 0.22769548159145045 0.16653020567020224 0.22769548159145045 0.17763221938154902 0.221236041227958 0.17763221938154902
0 0.24730449698062407 0.16375470224236552 0.2539946316428128 0.16375470224236552 0.2539946316428128 0.17609027303275088 0.24730449698062407 0.17609027303275088
0 0.1409544252816943 0.2183396029898207 0.14810594854127526 0.2183396029898207 0.14810594854127526 0.22574094546405193 0.1409544252816943 0.22574094546405193
0 0.16563871524218338 0.21710604591078217 0.17163676700828356 0.21710604591078217 0.17163676700828356 0.22666611327333083 0.16563871524218338 0.22666611327333083
0 0.2030111916309614 0.22666611327333083 0.21016271489054233 0.22666611327333083 0.21016271489054233 0.23530101282660057 0.2030111916309614 0.23530101282660057
0 0.2318479789679814 0.2192647707990996 0.23876880792886618 0.2192647707990996 0.23876880792886618 0.22851644889188863 0.2318479789679814 0.22851644889188863
0 0.26137684920108983 0.22358222057573449 0.26852837246067085 0.22358222057573449 0.26852837246067085 0.2346842342870813 0.26137684920108983 0.2346842342870813
0 0.1379553993986442 0.3207248405500191 0.1444148397621367 0.3207248405500191 0.1444148397621367 0.3302849079125677 0.1379553993986442 0.3302849079125677
0 0.16056344067086792 0.3222667868988172 0.1674842696317527 0.3222667868988172 0.1674842696317527 0.3309016864520869 0.16056344067086792 0.3309016864520869
0 0.18409425913787622 0.3185661156617016 0.19193786529354567 0.3185661156617016 0.19193786529354567 0.32781779375449066 0.18409425913787622 0.32781779375449066
0 0.216852849552731 0.32596745813593286 0.22631131579927358 0.32596745813593286 0.22631131579927358 0.33521913622872185 0.216852849552731 0.33521913622872185
0 0.2519183829545473 0.32411712251737496 0.25999268340891296 0.32411712251737496 0.25999268340891296 0.33583591476824115 0.2519183829545473 0.33583591476824115
0 0.1386474822947327 0.368833566632522 0.14464553406083283 0.368833566632522 0.14464553406083283 0.37746846618579166 0.1386474822947327 0.37746846618579166
0 0.16240899506043718 0.37222584859987795 0.16771496393044885 0.37222584859987795 0.16771496393044885 0.3820943052321862 0.16240899506043718 0.3820943052321862
0 0.1843249534365724 0.3725342378696375 0.19262994818963416 0.3725342378696375 0.19262994818963416 0.38178591596242656 0.1843249534365724 0.38178591596242656
0 0.2087785490983654 0.3676000095534835 0.2152379894618579 0.3676000095534835 0.2152379894618579 0.37901041253458995 0.2087785490983654 0.37901041253458995
0 0.2302331188771083 0.371300680790599 0.23738464213668925 0.371300680790599 0.23738464213668925 0.3820943052321862 0.2302331188771083 0.3820943052321862
0 0.12965040464558245 0.4718355827322396 0.13703262220385956 0.4718355827322396 0.13703262220385956 0.48170403936454786 0.12965040464558245 0.48170403936454786
0 0.15225844591780616 0.47029363638344146 0.1598713577747794 0.47029363638344146 0.1598713577747794 0.48047048228550937 0.15225844591780616 0.48047048228550937
0 0.17463579289133369 0.47214397200199926 0.1813259275535223 0.47214397200199926 0.1813259275535223 0.47985370374599007 0.17463579289133369 0.47985370374599007
0 0.19562897407268426 0.4730691398112781 0.2027804973322652 0.4730691398112781 0.2027804973322652 0.48232081790406706 0.19562897407268426 0.48232081790406706
0 0.22215881842274268 0.4746110861600763 0.2302331188771083 0.4746110861600763 0.2302331188771083 0.48262920717382685 0.22215881842274268 0.48262920717382685
0 0.1328801248273287 0.5261120942099351 0.1409544252816943 0.5261120942099351 0.1409544252816943 0.5335134366841663 0.1328801248273287 0.5335134366841663
0 0.15733372048912164 0.5310463225260893 0.16356246655391798 0.5310463225260893 0.16356246655391798 0.5402980006188783 0.15733372048912164 0.5402980006188783
0 0.17994176176134538 0.5267288727494545 0.186631896423534 0.5267288727494545 0.186631896423534 0.5353637723027241 0.17994176176134538 0.5353637723027241
0 0.20070424864399977 0.5254953156704159 0.2073943833061884 0.5254953156704159 0.2073943833061884 0.5350553830329645 0.20070424864399977 0.5350553830329645
0 0.22815687018884273 0.528579208368012 0.23623117064320842 0.528579208368012 0.23623117064320842 0.537830886460801 0.22815687018884273 0.537830886460801
0 0.1310345704377594 0.6204792107563831 0.13818609369734036 0.6204792107563831 0.13818609369734036 0.6297308888491722 0.1310345704377594 0.6297308888491722
0 0.15410400030737542 0.6192456536773445 0.16079413496956405 0.6192456536773445 0.16079413496956405 0.628188942500374 0.15410400030737542 0.628188942500374
0 0.17348232139785288 0.6195540429471043 0.18040315035873766 0.6195540429471043 0.18040315035873766 0.6297308888491722 0.17348232139785288 0.6297308888491722
0 0.2062409118127076 0.625721828342297 0.21339243507228853 0.625721828342297 0.21339243507228853 0.6334315600862878 0.2062409118127076 0.6334315600862878
0 0.2373846421366892 0.6238714927237391 0.24407477679887782 0.6238714927237391 0.24407477679887782 0.6346651171653263 0.2373846421366892 0.6346651171653263
0 0.13587915071037876 0.675372500773598 0.1421078967751751 0.675372500773598 0.1421078967751751 0.6846241788663869 0.13587915071037876 0.6846241788663869
0 0.1524891402165023 0.6590278694763374 0.15871788628129863 0.6590278694763374 0.15871788628129863 0.6673543797598473 0.1524891402165023 0.6673543797598473
0 0.1824793990470031 0.6707466617272034 0.18986161660528023 0.6707466617272034 0.18986161660528023 0.678764782740954 0.1824793990470031 0.678764782740954
0 0.21016271489054233 0.6732137758852805 0.21708354385142714 0.6732137758852805 0.21708354385142714 0.6833906217873486 0.21016271489054233 0.6833906217873486
0 0.23184797896798137 0.6713634402667228 0.2401529737210431 0.6713634402667228 0.2401529737210431 0.6803067290897521 0.23184797896798137 0.6803067290897521
0 0.1314959590351517 0.7728235100176422 0.13818609369734036 0.7728235100176422 0.13818609369734036 0.7826919666499507 0.1314959590351517 0.7826919666499507
0 0.14879803143736373 0.7789912954128347 0.15433469460607158 0.7789912954128347 0.15433469460607158 0.7907100876637009 0.14879803143736373 0.7907100876637009
0 0.1702526012161066 0.7774493490640366 0.17648134728090295 0.7774493490640366 0.17648134728090295 0.7888597520451431 0.1702526012161066 0.7888597520451431
0 0.19770522276094973 0.7762157919849982 0.20601021751401144 0.7762157919849982 0.20601021751401144 0.7851590808080275 0.19770522276094973 0.7851590808080275
0 0.2207746526305657 0.7792996846825945 0.2260806215005774 0.7792996846825945 0.2260806215005774 0.7904016983939413 0.2207746526305657 0.7904016983939413
0 0.1340335963208095 0.8249412966070202 0.1409544252816943 0.8249412966070202 0.1409544252816943 0.8323426390812514 0.1340335963208095 0.8323426390812514
0 0.15456538890476773 0.828641967844136 0.16079413496956405 0.828641967844136 0.16079413496956405 0.8375852566671653 0.15456538890476773 0.8375852566671653
0 0.17440509859263748 0.8323426390812514 0.18224870474830693 0.8323426390812514 0.18224870474830693 0.8409775386345211 0.17440509859263748 0.8409775386345211
0 0.19332203108572263 0.8351181425090881 0.20139633154008826 0.8351181425090881 0.20139633154008826 0.8431362635228385 0.19332203108572263 0.8431362635228385
0 0.2062409118127076 0.8400523708252423 0.2136231293709847 0.8400523708252423 0.2136231293709847 0.8471453240297138 0.2062409118127076 0.8471453240297138
0 0.24568963688975098 0.8378936459369248 0.25284116014933194 0.8378936459369248 0.25284116014933194 0.8468369347599541 0.24568963688975098 0.8468369347599541
