0 0.45792191440908037 0.5347858412738125 0.46566810451425844 0.5347858412738125 0.46566810451425844 0.5423031357823408 0.45792191440908037 0.5423031357823408
0 0.43754793429694855 0.465746004456835 0.4460084114125406 0.465746004456835 0.4460084114125406 0.4764377904164204 0.43754793429694855 0.4764377904164204
0 0.48877315515183006 0.4655509340788506 0.49677894245118703 0.4655509340788506 0.49677894245118703 0.4747150205211393 0.48877315515183006 0.4747150205211393
0 0.4847134252751221 0.5104762136848747 0.49216009755496637 0.5104762136848747 0.49216009755496637 0.5195314586590628 0.4847134252751221 0.5195314586590628
0 0.5177120375828309 0.5179730062966778 0.5233600240049855 0.5179730062966778 0.5233600240049855 0.5275374844432982 0.5177120375828309 0.5275374844432982
0 0.5259697537312735 0.47415242194540175 0.5346652441000765 0.47415242194540175 0.5346652441000765 0.4837600145469653 0.5259697537312735 0.4837600145469653
0 0.5606795422892695 0.5214185460872398 0.5684503163354154 0.5214185460872398 0.5684503163354154 0.5307879538558756 0.5606795422892695 0.5307879538558756
0 0.5684708421093609 0.45610916495350085 0.5753293048950077 0.45610916495350085 0.5753293048950077 0.46644789498667616 0.5684708421093609 0.46644789498667616
0 0.6093297693430011 0.4674232468765985 0.6166260063490084 0.4674232468765985 0.6166260063490084 0.4762014138858981 0.6093297693430011 0.4762014138858981
0 0.6037846292184357 0.512874644946973 0.611080866224443 0.512874644946973 0.611080866224443 0.5239936564920861 0.6037846292184357 0.5239936564920861
0 0.5823336924207747 0.3562331314254674 0.5893380799465415 0.3562331314254674 0.5893380799465415 0.36501129843476715 0.5823336924207747 0.36501129843476715
0 0.5465821310913396 0.35662327218143636 0.5543161423177071 0.35662327218143636 0.5543161423177071 0.3659866503246894 0.5465821310913396 0.3659866503246894
0 0.5102468708014238 0.35486763877957633 0.519586054169113 0.35486763877957633 0.519586054169113 0.3657915799467049 0.5102468708014238 0.3657915799467049
0 0.4803322990767945 0.35272186462174754 0.489087783484003 0.35272186462174754 0.489087783484003 0.3640359465448451 0.4803322990767945 0.3640359465448451
0 0.44210001716531694 0.3533070757557008 0.44968810365156436 0.3533070757557008 0.44968810365156436 0.36267045389895397 0.44210001716531694 0.36267045389895397
0 0.44166224294495654 0.30102821445587086 0.4508555015725255 0.30102821445587086 0.4508555015725255 0.31078173335509285 0.44166224294495654 0.31078173335509285
0 0.4803322990767945 0.29907751067602645 0.48923370822412326 0.29907751067602645 0.48923370822412326 0.30883102957524844 0.4803322990767945 0.30883102957524844
0 0.5028047090552966 0.3025887774797464 0.5102468708014243 0.3025887774797464 0.5102468708014243 0.31117187411106106 0.5028047090552966 0.31117187411106106
0 0.542934012588336 0.30395427012563747 0.5506680238147034 0.30395427012563747 0.5506680238147034 0.3139028594028439 0.542934012588336 0.3139028594028439
0 0.5750374554147675 0.30297891823571527 0.5810203697596934 0.30297891823571527 0.5810203697596934 0.3119521556229995 0.5750374554147675 0.3119521556229995
