0 0.44930968849755387 0.3138123628357377 0.4559966521040903 0.3138123628357377 0.4559966521040903 0.3224960112082822 0.44930968849755387 0.3224960112082822
0 0.46917952321411927 0.3135569614130158 0.47548437461456805 0.3135569614130158 0.47548437461456805 0.32300681405372594 0.46917952321411927 0.32300681405372594
0 0.490577806755036 0.3133015599902939 0.4968826581554846 0.3133015599902939 0.4968826581554846 0.3224960112082822 0.490577806755036 0.3224960112082822
0 0.505671238895504 0.3138123628357377 0.513122426914216 0.3138123628357377 0.513122426914216 0.32505002543550116 0.505671238895504 0.32505002543550116
0 0.5266874102303329 0.3140677642584596 0.5345207104551328 0.3140677642584596 0.5345207104551328 0.3235176168991698 0.5266874102303329 0.3235176168991698
0 0.454850315485826 0.37689651424804543 0.4603909424740983 0.37689651424804543 0.4603909424740983 0.38506935977514495 0.454850315485826 0.38506935977514495
0 0.47949655277848885 0.37102228152544114 0.48580140417893714 0.37102228152544114 0.48580140417893714 0.3804721341661518 0.47949655277848885 0.3804721341661518
0 0.5020411729376699 0.369489872989111 0.509301304853338 0.369489872989111 0.509301304853338 0.37970592989798685 0.5020411729376699 0.37970592989798685
0 0.5234394564785866 0.36565885164828255 0.5306995883942548 0.36565885164828255 0.5306995883942548 0.37638571140260213 0.5234394564785866 0.37638571140260213
0 0.5463661888438545 0.3659142530710045 0.5522889280382153 0.3659142530710045 0.5522889280382153 0.37485330286627083 0.5463661888438545 0.37485330286627083
0 0.45556157242841344 0.4759694317267232 0.46345645271948355 0.4759694317267232 0.46345645271948355 0.48441245396546356 0.45556157242841344 0.48441245396546356
0 0.4811122759158769 0.4786558478935954 0.4905861322651612 0.4786558478935954 0.4905861322651612 0.48594754891796205 0.4811122759158769 0.48594754891796205
0 0.50680652268136 0.4811503771914049 0.5161368357526247 0.4811503771914049 0.5161368357526247 0.4915122681207681 0.50680652268136 0.4915122681207681
0 0.539103760235738 0.4767369792029724 0.5475728136388861 0.4767369792029724 0.5475728136388861 0.4865232095251488 0.539103760235738 0.4865232095251488
0 0.561927141440832 0.47558565798859875 0.5714009977901162 0.47558565798859875 0.5714009977901162 0.48364490648921454 0.561927141440832 0.48364490648921454
0 0.48139936247191584 0.5354543611360304 0.4894377860410055 0.5354543611360304 0.4894377860410055 0.5427460621603971 0.48139936247191584 0.5427460621603971
0 0.503361484008893 0.5304653025404111 0.5111128210219437 0.5304653025404111 0.5111128210219437 0.5398677591244628 0.503361484008893 0.5398677591244628
0 0.5276202979941814 0.5256681308138541 0.5349410051731738 0.5256681308138541 0.5349410051731738 0.5341111530525945 0.5276202979941814 0.5341111530525945
0 0.5488647031410612 0.5247086964685427 0.5550370640958979 0.5247086964685427 0.5550370640958979 0.5335354924454077 0.5488647031410612 0.5335354924454077
0 0.45082464425377133 0.6250655289881156 0.4577147215987054 0.6250655289881156 0.4577147215987054 0.6310140219290462 0.45082464425377133 0.6310140219290462
0 0.4766624342972739 0.6264087370715515 0.4834089683641884 0.6264087370715515 0.4834089683641884 0.6346598724412296 0.4766624342972739 0.6346598724412296
0 0.5016389646726596 0.6256411895953025 0.508672585295613 0.6256411895953025 0.508672585295613 0.6346598724412296 0.5016389646726596 0.6346598724412296
0 0.524318802599734 0.6189251491781226 0.5322136828908042 0.6189251491781226 0.5322136828908042 0.6285194926312366 0.524318802599734 0.6285194926312366
0 0.5495824195311586 0.6202683572615585 0.5563289535980731 0.6202683572615585 0.5563289535980731 0.6277519451549874 0.5495824195311586 0.6277519451549874
0 0.4516859039218881 0.6814802684924262 0.4574276350426665 0.6814802684924262 0.4574276350426665 0.6899232907311665 0.4516859039218881 0.6899232907311665
0 0.47723660740935164 0.6820559290996131 0.484844401144383 0.6820559290996131 0.484844401144383 0.6891557432549175 0.47723660740935164 0.6891557432549175
0 0.5009212482825622 0.6874287614333567 0.5078113256274962 0.6874287614333567 0.5078113256274962 0.6960636705411597 0.5009212482825622 0.6960636705411597
0 0.5257542353799286 0.6820559290996131 0.5343668320610961 0.6820559290996131 0.5343668320610961 0.6895395169930421 0.5257542353799286 0.6895395169930421
0 0.5484340733070029 0.6809046078852393 0.5573337565442095 0.6809046078852393 0.5573337565442095 0.6885800826477305 0.5484340733070029 0.6885800826477305
0 0.4614468468272112 0.7883612545601167 0.4676192077820479 0.7883612545601167 0.4676192077820479 0.7960367293226078 0.4614468468272112 0.7960367293226078
0 0.48814589653883045 0.7902801232507396 0.4953230604398034 0.7902801232507396 0.4953230604398034 0.797379937406044 0.48814589653883045 0.797379937406044
0 0.5174287252548 0.7897044626435527 0.5234575429316172 0.7897044626435527 0.5234575429316172 0.7969961636679195 0.5174287252548 0.7969961636679195
0 0.5416875392400884 0.785099177786058 0.5480034434729446 0.785099177786058 0.5480034434729446 0.7952691818463589 0.5416875392400884 0.7952691818463589
0 0.5625013145529099 0.787977480821992 0.5701091082879411 0.787977480821992 0.5701091082879411 0.7973799374060436 0.5625013145529099 0.7973799374060436
0 0.4542696829262383 0.8424733516356799 0.46316936616344473 0.8424733516356799 0.46316936616344473 0.8497650526600466 0.4542696829262383 0.8497650526600466
0 0.5118305374120411 0.8407463698141194 0.5188641580349944 0.8407463698141194 0.5188641580349944 0.8489975051837975 0.5118305374120411 0.8489975051837975
0 0.5363764379533684 0.840362596075995 0.5434100585763217 0.840362596075995 0.5434100585763217 0.8493812789219221 0.5363764379533684 0.8493812789219221
0 0.5571902132661899 0.8380599536472476 0.5633625742210266 0.8380599536472476 0.5633625742210266 0.8476542971003617 0.5571902132661899 0.8476542971003617
0 0.577286272188914 0.8372924061709985 0.5858988688700816 0.8372924061709985 0.5858988688700816 0.8468867496241124 0.577286272188914 0.8468867496241124
