0 0.4530495087824806 0.31607845592815326 0.45927825484727697 0.31607845592815326 0.45927825484727697 0.3237881876721441 0.4530495087824806 0.3237881876721441
0 0.47288921847035037 0.31546167738863395 0.4791179645351467 0.31546167738863395 0.4791179645351467 0.32440496621166337 0.47288921847035037 0.32440496621166337
0 0.49319031675561253 0.31607845592815326 0.5003418400151934 0.31607845592815326 0.5003418400151934 0.3240965769419037 0.49319031675561253 0.3240965769419037
0 0.5102616948591283 0.31792879154671105 0.5153369694304437 0.31792879154671105 0.5153369694304437 0.32594691256046154 0.5102616948591283 0.32594691256046154
0 0.5303320988456942 0.3170036237374321 0.5370222335078827 0.3170036237374321 0.5370222335078827 0.3256385232907019 0.5303320988456942 0.3256385232907019
0 0.4576633947564039 0.3783730884195992 0.46458422371728864 0.3783730884195992 0.46458422371728864 0.3888583235914268 0.4576633947564039 0.3888583235914268
0 0.48280907331428524 0.3731304708336855 0.48903781937908164 0.3731304708336855 0.48903781937908164 0.38145698111719556 0.48280907331428524 0.38145698111719556
0 0.5063398917812936 0.37158852448488733 0.5130300264434823 0.37158852448488733 0.5130300264434823 0.38114859184743605 0.5063398917812936 0.38114859184743605
0 0.5275637672613404 0.36819624251753136 0.5335618190274405 0.36819624251753136 0.5335618190274405 0.3771395313405607 0.5275637672613404 0.3771395313405607
0 0.5492490313387793 0.37004657813608915 0.5557084717022719 0.37004657813608915 0.5557084717022719 0.37621436353128185 0.5492490313387793 0.37621436353128185
0 0.45927825484727697 0.47859960109148025 0.4664297781068578 0.47859960109148025 0.4664297781068578 0.48692611137499037 0.45927825484727697 0.48692611137499037
0 0.4851160163012469 0.480449936710038 0.49365170535300484 0.480449936710038 0.49365170535300484 0.48846805772378854 0.4851160163012469 0.48846805772378854
0 0.5114151663526091 0.48476738648667295 0.5187973839108863 0.48476738648667295 0.5187973839108863 0.4930938967701831 0.5114151663526091 0.4930938967701831
0 0.5432509795726792 0.4795247689007592 0.5506331971309564 0.4795247689007592 0.5506331971309564 0.48846805772378854 0.5432509795726792 0.48846805772378854
0 0.5663204094422952 0.4789079903612399 0.5748560984940532 0.4789079903612399 0.5748560984940532 0.4863093328354712 0.5663204094422952 0.4863093328354712
0 0.48557740489863915 0.5378103408853299 0.4927289281582201 0.5378103408853299 0.4927289281582201 0.5449032940898015 0.48557740489863915 0.5449032940898015
0 0.5074933632747745 0.5334928911086951 0.514183497936963 0.5334928911086951 0.514183497936963 0.5421277906619648 0.5074933632747745 0.5421277906619648
0 0.5321776532352636 0.5282502735227813 0.5381757050013637 0.5282502735227813 0.5381757050013637 0.5371935623458106 0.5321776532352636 0.5371935623458106
0 0.5527094458192218 0.5279418842530217 0.5587074975853219 0.5279418842530217 0.5587074975853219 0.5359600052667722 0.5527094458192218 0.5359600052667722
0 0.45351089737987293 0.6266264505761043 0.46089311493815005 0.6266264505761043 0.46089311493815005 0.6331026252410568 0.45351089737987293 0.6331026252410568
0 0.48073282462601985 0.6281683969249026 0.4867308763921199 0.6281683969249026 0.4867308763921199 0.6380368535572108 0.48073282462601985 0.6380368535572108
0 0.5058785031839013 0.6281683969249026 0.5127993321447862 0.6281683969249026 0.5127993321447862 0.637111685747932 0.5058785031839013 0.637111685747932
0 0.5287172387548212 0.6207670544506714 0.5354073734170097 0.6207670544506714 0.5354073734170097 0.6312522896224989 0.5287172387548212 0.6312522896224989
0 0.5529401401179179 0.6213838329901906 0.5598609690788028 0.6213838329901906 0.5598609690788028 0.6300187325434604 0.5529401401179179 0.6300187325434604
0 0.4548950631720499 0.6824449084025982 0.4611238092368462 0.6824449084025982 0.4611238092368462 0.6920049757651469 0.4548950631720499 0.6920049757651469
0 0.4811942132234121 0.6846036332909156 0.48811504218429685 0.6846036332909156 0.48811504218429685 0.6907714186861081 0.4811942132234121 0.6907714186861081
0 0.5058785031839013 0.6898462508768294 0.5114151663526092 0.6898462508768294 0.5114151663526092 0.69755598262082 0.5058785031839013 0.69755598262082
0 0.5303320988456942 0.6836784654816367 0.5365608449104905 0.6836784654816367 0.5365608449104905 0.6913881972256274 0.5303320988456942 0.6913881972256274
0 0.5534015287153102 0.6824449084025982 0.5605530519748912 0.6824449084025982 0.5605530519748912 0.6913881972256275 0.5534015287153102 0.6913881972256275
0 0.46458422371728864 0.7897643742789506 0.4710436640807811 0.7897643742789506 0.4710436640807811 0.7983992738322203 0.46458422371728864 0.7983992738322203
0 0.49203684526213165 0.7922314884370277 0.499649757119105 0.7922314884370277 0.499649757119105 0.8002496094507782 0.49203684526213165 0.8002496094507782
0 0.5201815497030632 0.7903811528184699 0.5266409900665558 0.7903811528184699 0.5266409900665558 0.7996328309112588 0.5201815497030632 0.7996328309112588
0 0.5455579225596408 0.7879140386603928 0.5520173629231332 0.7879140386603928 0.5520173629231332 0.7971657167531817 0.5455579225596408 0.7971657167531817
0 0.5665511037409914 0.7909979313579892 0.5739333212992686 0.7909979313579892 0.5739333212992686 0.7993244416414992 0.5665511037409914 0.7993244416414992
0 0.45904756054858076 0.8458912213752039 0.4664297781068579 0.8458912213752039 0.4664297781068579 0.8511338389611177 0.45904756054858076 0.8511338389611177
0 0.5151062751317477 0.8431157179473674 0.5231805755861132 0.8431157179473674 0.5231805755861132 0.8505170604215985 0.5151062751317477 0.8505170604215985
0 0.5411747308844138 0.842498939407848 0.5467113940531216 0.842498939407848 0.5467113940531216 0.8514422282308775 0.5411747308844138 0.8514422282308775
0 0.5619372177670682 0.8412653823288094 0.5679352695331683 0.8412653823288094 0.5679352695331683 0.8495918926123194 0.5619372177670682 0.8495918926123194
0 0.582007621753634 0.8400318252497709 0.5889284507145188 0.8400318252497709 0.5889284507145188 0.8486667248030406 0.582007621753634 0.8486667248030406
