0 0.14398451299859233 0.019428523994856926 0.14998256476469252 0.019428523994856926 0.14998256476469252 0.02898859135740557 0.14398451299859233 0.02898859135740557
0 0.16543908277733524 0.020045302534376194 0.1716678288421315 0.020045302534376194 0.1716678288421315 0.028371812817886304 0.16543908277733524 0.028371812817886304
0 0.19404517581565905 0.024362752311011066 0.20004322758175921 0.024362752311011066 0.20004322758175921 0.03145570551548264 0.19404517581565905 0.03145570551548264
0 0.2175759942826674 0.01912013472509729 0.22380474034746373 0.01912013472509729 0.22380474034746373 0.024979530850530333 0.2175759942826674 0.024979530850530333
0 0.24895041890534525 0.020045302534376194 0.2554098592688377 0.020045302534376194 0.2554098592688377 0.026213087929568866 0.24895041890534525 0.026213087929568866
0 0.14536867879076928 0.07277986766327356 0.15136673055686947 0.07277986766327356 0.15136673055686947 0.08172315648630295 0.14536867879076928 0.08172315648630295
0 0.1695915801538661 0.0730882569330332 0.17674310341344707 0.0730882569330332 0.17674310341344707 0.08079798867702405 0.1695915801538661 0.08079798867702405
0 0.19127684423130514 0.0777140959794277 0.1984283674908861 0.0777140959794277 0.1984283674908861 0.08542382772341857 0.19127684423130514 0.08542382772341857
0 0.2166532170878828 0.07463020328183137 0.22403543464615988 0.07463020328183137 0.22403543464615988 0.08172315648630293 0.2166532170878828 0.08172315648630293
0 0.24664347591838362 0.06969597496567723 0.25148805619100295 0.06969597496567723 0.25148805619100295 0.07925604232822588 0.24664347591838362 0.07925604232822588
0 0.13937062702466912 0.16128758808428845 0.1458300673881616 0.16128758808428845 0.1458300673881616 0.17023087690731784 0.13937062702466912 0.17023087690731784
0 0.17074505164734688 0.16128758808428845 0.1765124091147509 0.16128758808428845 0.1765124091147509 0.17084765544683714 0.17074505164734688 0.17084765544683714
0 0.1938144815169629 0.16097919881452882 0.20165808767263232 0.16097919881452882 0.20165808767263232 0.16930570909803896 0.1938144815169629 0.16930570909803896
0 0.22080571446441366 0.16622181640044262 0.22795723772399465 0.16622181640044262 0.22795723772399465 0.17732383011178943 0.22080571446441366 0.17732383011178943
0 0.2471048645157759 0.16375470224236552 0.25425638777535686 0.16375470224236552 0.25425638777535686 0.17578188376299125 0.2471048645157759 0.17578188376299125
0 0.14075479281684608 0.21772282445030142 0.1481370103751232 0.21772282445030142 0.1481370103751232 0.2266661132733308 0.14075479281684608 0.2266661132733308
0 0.16497769417994287 0.21803121372006107 0.17259060603691614 0.21803121372006107 0.17259060603691614 0.22635772400357115 0.16497769417994287 0.22635772400357115
0 0.20304225346480925 0.22574094546405188 0.21019377672439024 0.22574094546405188 0.21019377672439024 0.23530101282660051 0.20304225346480925 0.23530101282660051
0 0.23234042939922162 0.21895638152933997 0.23879986976271414 0.21895638152933997 0.23879986976271414 0.22913322743140788 0.23234042939922162 0.22913322743140788
0 0.26186929963233013 0.2241989991152537 0.2685594342945188 0.2241989991152537 0.2685594342945188 0.23437584501732162 0.26186929963233013 0.23437584501732162
0 0.13844784982988448 0.3201080620104998 0.14467659589468082 0.3201080620104998 0.14467659589468082 0.3302849079125677 0.13844784982988448 0.3302849079125677
0 0.16105589110210816 0.32165000835929797 0.167976720062993 0.32165000835929797 0.167976720062993 0.3312100757218467 0.16105589110210816 0.3312100757218467
0 0.18389462667302803 0.31949128347098055 0.19196892712739363 0.31949128347098055 0.19196892712739363 0.3278177937544907 0.18389462667302803 0.3278177937544907
0 0.21988293726962882 0.3259674581359328 0.2265730719318176 0.3259674581359328 0.2265730719318176 0.3367610825775199 0.21988293726962882 0.3367610825775199
0 0.25241083338578757 0.3238087332476154 0.25863957945058397 0.3238087332476154 0.25863957945058397 0.33460235768920266 0.25241083338578757 0.33460235768920266
0 0.13890923842727682 0.3679083988232431 0.14513798449207313 0.3679083988232431 0.14513798449207313 0.37870202326483027 0.13890923842727682 0.37870202326483027
0 0.16128658540080434 0.37222584859987795 0.16820741436168918 0.37222584859987795 0.16820741436168918 0.38178591596242656 0.16128658540080434 0.38178591596242656
0 0.18435601527042034 0.37315101640915693 0.19219962142608976 0.37315101640915693 0.19219962142608976 0.3802439696136285 0.18435601527042034 0.3802439696136285
0 0.20950169382830178 0.3672916202837237 0.21480766269831345 0.3672916202837237 0.21480766269831345 0.3787020232648302 0.20950169382830178 0.3787020232648302
0 0.23049487500965235 0.3719174593301183 0.23672362107444866 0.3719174593301183 0.23672362107444866 0.38147752669266694 0.23049487500965235 0.38147752669266694
0 0.13037354937551887 0.47337752908103786 0.1372943783364037 0.47337752908103786 0.1372943783364037 0.4813956500947883 0.13037354937551887 0.4813956500947883
0 0.15252020205035025 0.47152719346247995 0.15921033671253887 0.47152719346247995 0.15921033671253887 0.4795453144762305 0.15252020205035025 0.4795453144762305
0 0.17443616042648544 0.4721439720019993 0.18066490649128178 0.4721439720019993 0.18066490649128178 0.4798537037459901 0.17443616042648544 0.4798537037459901
0 0.19519864730913988 0.47245236127175894 0.20281155916611318 0.47245236127175894 0.20281155916611318 0.48201242863430754 0.19519864730913988 0.48201242863430754
0 0.22218988025659062 0.4746110861600763 0.23095626360704466 0.4746110861600763 0.23095626360704466 0.4832459857133461 0.22218988025659062 0.4832459857133461
0 0.13337257525856894 0.5248785371308966 0.13983201562206143 0.5248785371308966 0.13983201562206143 0.533821825953926 0.13337257525856894 0.533821825953926
0 0.15713408802427345 0.531354711795849 0.16336283408906976 0.531354711795849 0.16336283408906976 0.5402980006188783 0.15713408802427345 0.5402980006188783
0 0.1799728235951933 0.5258037049401756 0.18643226395868578 0.5258037049401756 0.18643226395868578 0.5365973293817627 0.1799728235951933 0.5365973293817627
0 0.20050461617915158 0.5261120942099352 0.20811752803612485 0.5261120942099352 0.20811752803612485 0.5353637723027243 0.20050461617915158 0.5353637723027243
0 0.22841862632138688 0.5282708190982527 0.23603153817836015 0.5282708190982527 0.23603153817836015 0.5375224971910416 0.22841862632138688 0.5375224971910416
0 0.1311771662920514 0.6202243435912925 0.13804079831937519 0.6202243435912925 0.13804079831937519 0.6286349600392827 0.1311771662920514 0.6286349600392827
0 0.15539053483288803 0.6181854062705678 0.16034760240817744 0.6181854062705678 0.16034760240817744 0.6281252257091016 0.15539053483288803 0.6281252257091016
0 0.1733122406820112 0.619969476426202 0.18112915493535217 0.619969476426202 0.18112915493535217 0.6301641630298263 0.1733122406820112 0.6301641630298263
0 0.20515186703098537 0.6250668197280141 0.21392206351034354 0.6250668197280141 0.21392206351034354 0.6342420376712758 0.20515186703098537 0.6342420376712758
0 0.23775411916077333 0.6248119525629235 0.2448084076333005 0.6248119525629235 0.2448084076333005 0.6350066391665478 0.23775411916077333 0.6350066391665478
0 0.13441832586050984 0.6750207840857728 0.14261655300425768 0.6750207840857728 0.14261655300425768 0.6839411348639443 0.13441832586050984 0.6839411348639443
0 0.1510147948694934 0.6583988525664622 0.15910985781074166 0.6583988525664622 0.15910985781074166 0.6673544769602818 0.1510147948694934 0.6673544769602818
0 0.18196786788165137 0.6703203476246474 0.190114097813071 0.6703203476246474 0.190114097813071 0.6781980600001752 0.18196786788165137 0.6781980600001752
0 0.21073965870326114 0.6731007166983631 0.21680600014155235 0.6731007166983631 0.21680600014155235 0.6832954033019873 0.21073965870326114 0.6832954033019873
0 0.23205851575782738 0.6707837424702668 0.23968477356596488 0.6707837424702668 0.23968477356596488 0.6802833368054622 0.23205851575782738 0.6802833368054622
0 0.1317038959643813 0.7724989110836998 0.13759691336157853 0.7724989110836998 0.13759691336157853 0.7831569925329434 0.1317038959643813 0.7831569925329434
0 0.14834300390940866 0.7799132286136082 0.15423602130660582 0.7799132286136082 0.15423602130660582 0.7894128229488034 0.14834300390940866 0.7894128229488034
0 0.17035515712835103 0.7782913466539408 0.1760748504844542 0.7782913466539408 0.1760748504844542 0.7887177306803748 0.17035515712835103 0.7887177306803748
0 0.19826032774449062 0.7773645569627021 0.205019965347158 0.7773645569627021 0.205019965347158 0.7850105719154205 0.19826032774449062 0.7850105719154205
0 0.22044580500452704 0.779449833767989 0.22599217431953617 0.779449833767989 0.22599217431953617 0.7901079152172327 0.22044580500452704 0.7901079152172327
0 0.13465040466297992 0.824630831215869 0.14071674610127113 0.824630831215869 0.14071674610127113 0.8322768461685872 0.13465040466297992 0.8322768461685872
0 0.15492931747098196 0.8290330822492522 0.1606490108270851 0.8290330822492522 0.1606490108270851 0.8371424920475897 0.15492931747098196 0.8371424920475897
0 0.17520823027898402 0.8329719384370162 0.18196786788165137 0.8329719384370162 0.18196786788165137 0.8399228611213057 0.17520823027898402 0.8399228611213057
0 0.19392722671713972 0.8355206100879226 0.20155348452527724 0.8355206100879226 0.20155348452527724 0.842934927617831 0.19392722671713972 0.842934927617831
0 0.20657988171700428 0.8401545585441152 0.21333951931967163 0.8401545585441152 0.21333951931967163 0.8471054812284045 0.20657988171700428 0.8471054812284045
0 0.2457511150042561 0.8378375843160186 0.2526840766480175 0.8378375843160186 0.2526840766480175 0.8464103889599754 0.2457511150042561 0.8464103889599754
