0 0.44243603040775015 0.30069298024647223 0.4507584342563424 0.30069298024647223 0.4507584342563424 0.31089115905575754 0.44243603040775015 0.31089115905575754
0 0.4803492034957814 0.29976587308199176 0.48867160734437365 0.29976587308199176 0.48867160734437365 0.30841887328380957 0.4803492034957814 0.30841887328380957
0 0.5027734583100439 0.3022381588539397 0.5101711506199036 0.3022381588539397 0.5101711506199036 0.311818266220238 0.5027734583100439 0.311818266220238
0 0.5416113429368077 0.30254719457543316 0.5499337467853999 0.30254719457543316 0.5499337467853999 0.313672480549199 0.5416113429368077 0.313672480549199
0 0.5751321362158597 0.30409237318290067 0.5818362948716702 0.30409237318290067 0.5818362948716702 0.31398151627069243 0.5751321362158597 0.31398151627069243
0 0.4408177852149684 0.3529200171788727 0.4505272563716593 0.3529200171788727 0.4505272563716593 0.36280916026666454 0.4408177852149684 0.36280916026666454
0 0.4803492034957814 0.35384712434335314 0.489365140998423 0.35384712434335314 0.489365140998423 0.3646633745956255 0.4803492034957814 0.3646633745956255
0 0.5104023285045867 0.35384712434335314 0.5184935544684959 0.35384712434335314 0.5184935544684959 0.3671356603675734 0.5104023285045867 0.3671356603675734
0 0.5460037227457868 0.3557013386723142 0.5550196602484284 0.3557013386723142 0.5550196602484284 0.36682662464608 0.5460037227457868 0.36682662464608
0 0.5806804054482545 0.3557013386723142 0.5903898766049455 0.3557013386723142 0.5903898766049455 0.365590481760106 0.5806804054482545 0.365590481760106
0 0.43827482848345406 0.46509998408101116 0.44428545348521514 0.46509998408101116 0.44428545348521514 0.4759162343332835 0.43827482848345406 0.4759162343332835
0 0.4884404294596906 0.46509998408101116 0.49630047753891665 0.46509998408101116 0.49630047753891665 0.47437105572581606 0.4884404294596906 0.47437105572581606
0 0.5261224246630388 0.47282587711834845 0.5342136506269479 0.47282587711834845 0.5342136506269479 0.4845692345351013 0.5261224246630388 0.4845692345351013
0 0.4842792275353945 0.5111463065835418 0.4921392756146205 0.5111463065835418 0.4921392756146205 0.5201083425068531 0.4842792275353945 0.5201083425068531
0 0.4563067034887373 0.5355601285815279 0.4667097082994775 0.5355601285815279 0.4667097082994775 0.5420498787328911 0.4563067034887373 0.5420498787328911
0 0.5161817756216648 0.5185631638993856 0.524504179470257 0.5185631638993856 0.524504179470257 0.5272161641012035 0.5161817756216648 0.5272161641012035
0 0.5675032660213168 0.45613794815769987 0.5758256698699091 0.45613794815769987 0.5758256698699091 0.4666451626884787 0.5675032660213168 0.4666451626884787
0 0.6102711746876937 0.46757226985295913 0.6169753333435042 0.46757226985295913 0.6169753333435042 0.4771523772192574 0.6102711746876937 0.4771523772192574
0 0.6028734823778339 0.5130005209125028 0.6111958862264262 0.5130005209125028 0.6111958862264262 0.5238167711647751 0.6028734823778339 0.5238167711647751
0 0.5596432179420909 0.5213444853928272 0.5684279775600494 0.5213444853928272 0.5684279775600494 0.529997485594645 0.5596432179420909 0.529997485594645
