0 0.45176064797107285 0.31530535380871605 0.4605191218917363 0.31530535380871605 0.4605191218917363 0.3253409701145541 0.45176064797107285 0.3253409701145541
0 0.471154411652542 0.3144690524498962 0.48022568821322925 0.3144690524498962 0.48022568821322925 0.32617727147337394 0.471154411652542 0.32617727147337394
0 0.4927377938141772 0.31572350448812597 0.5008706624547934 0.31572350448812597 0.5008706624547934 0.3253409701145541 0.4927377938141772 0.3253409701145541
0 0.5096291363754568 0.31530535380871605 0.5158851891759306 0.31530535380871605 0.5158851891759306 0.32659542215278375 0.5096291363754568 0.32659542215278375
0 0.5290229000569261 0.31530535380871605 0.5377813739775896 0.31530535380871605 0.5377813739775896 0.32659542215278375 0.5290229000569261 0.32659542215278375
0 0.45613988493140456 0.375937202323154 0.46395995093199704 0.375937202323154 0.46395995093199704 0.38764542134663166 0.45613988493140456 0.38764542134663166
0 0.48116409613330036 0.3705012434908251 0.4899225700539639 0.3705012434908251 0.4899225700539639 0.3830457638731225 0.48116409613330036 0.3830457638731225
0 0.5049370967751013 0.37008309281141516 0.5143211759758123 0.37008309281141516 0.5143211759758123 0.3834639145525325 0.5049370967751013 0.3834639145525325
0 0.5258948736566891 0.365901586017316 0.534340544937329 0.365901586017316 0.534340544937329 0.3780279557202036 0.5258948736566891 0.3780279557202036
0 0.5481038610983717 0.3663197366967259 0.5574879402990824 0.3663197366967259 0.5574879402990824 0.3792824077584333 0.5481038610983717 0.3792824077584333
0 0.45864230605159423 0.4750389133433043 0.46646237205218666 0.4750389133433043 0.46646237205218666 0.48925603644324134 0.45864230605159423 0.48925603644324134
0 0.48335371461346627 0.47587521470212407 0.49273779381417715 0.47587521470212407 0.49273779381417715 0.48967418712265126 0.48335371461346627 0.48967418712265126
0 0.5108803469355516 0.48047487217563317 0.5190132155761678 0.48047487217563317 0.5190132155761678 0.49552829663439013 0.5108803469355516 0.49552829663439013
0 0.5409094003778265 0.4771296667403538 0.5515446901386324 0.4771296667403538 0.5515446901386324 0.4905104884814712 0.5409094003778265 0.4905104884814712
0 0.5659336115797224 0.47629336538153394 0.5750048881404096 0.47629336538153394 0.5750048881404096 0.4871652830461918 0.5659336115797224 0.4871652830461918
0 0.4821025040533715 0.5339981591401024 0.4927377938141772 0.5339981591401024 0.4927377938141772 0.54612452884299 0.4821025040533715 0.54612452884299
0 0.5043114914950539 0.530652953704823 0.5161979918159545 0.530652953704823 0.5161979918159545 0.5423611727283008 0.5043114914950539 0.5423611727283008
0 0.5305869132570447 0.5247988441930843 0.5393453871777082 0.5247988441930843 0.5393453871777082 0.5398522686518412 0.5305869132570447 0.5398522686518412
0 0.5496678742984901 0.5243806935136743 0.5599903614192722 0.5243806935136743 0.5599903614192722 0.5385978166136116 0.5496678742984901 0.5385978166136116
0 0.4520734506110965 0.6226461031750047 0.4617703324518311 0.6226461031750047 0.4617703324518311 0.6351906235573023 0.4520734506110965 0.6351906235573023
0 0.47928728029315815 0.6268276099691039 0.4880457542138217 0.6268276099691039 0.4880457542138217 0.6389539796719915 0.47928728029315815 0.6389539796719915
0 0.5036858862150065 0.6259913086102841 0.5143211759758123 0.6259913086102841 0.5143211759758123 0.6376995276337617 0.5036858862150065 0.6376995276337617
0 0.5274588868568076 0.6201371990985453 0.5365301634174948 0.6201371990985453 0.5365301634174948 0.6326817194808427 0.5274588868568076 0.6326817194808427
0 0.551857492778656 0.6188827470603155 0.559990361419272 0.6188827470603155 0.559990361419272 0.631427267442613 0.551857492778656 0.631427267442613
0 0.4514478453310491 0.6803508969335732 0.46364714829197323 0.6803508969335732 0.46364714829197323 0.6941498693541005 0.4514478453310491 0.6941498693541005
0 0.4799128855732056 0.6799327462541633 0.49179938589410616 0.6799327462541633 0.49179938589410616 0.6937317186746905 0.4799128855732056 0.6937317186746905
0 0.5036858862150065 0.6866231571247219 0.5124443601356702 0.6866231571247219 0.5124443601356702 0.701258430904069 0.5036858862150065 0.701258430904069
0 0.5287100974169019 0.6824416503306214 0.5387197818976605 0.6824416503306214 0.5387197818976605 0.6941498693541002 0.5287100974169019 0.6941498693541002
0 0.5537343086187974 0.6816053489718027 0.5621799798994378 0.6816053489718027 0.5621799798994378 0.6933135679952807 0.5537343086187974 0.6933135679952807
0 0.46353111868640257 0.7897983315896184 0.4718488288732508 0.7897983315896184 0.4718488288732508 0.7995518504888403 0.46353111868640257 0.7995518504888403
0 0.49198644300983047 0.7921391761254317 0.5003041531966786 0.7921391761254317 0.5003041531966786 0.8005272023787627 0.49198644300983047 0.8005272023787627
0 0.5211713910338591 0.7894081908336495 0.527008380638665 0.7894081908336495 0.527008380638665 0.8003321320007782 0.5211713910338591 0.8003321320007782
0 0.5445193494530821 0.7872624166758208 0.5529829843800504 0.7872624166758208 0.5529829843800504 0.7977962170869807 0.5445193494530821 0.7977962170869807
0 0.5662621357309835 0.7899934019676028 0.573996146957351 0.7899934019676028 0.573996146957351 0.7993567801108559 0.5662621357309835 0.7993567801108559
0 0.4595911507031587 0.8455884596931685 0.46688738770916594 0.8455884596931685 0.46688738770916594 0.8514405710327015 0.4595911507031587 0.8514405710327015
0 0.5156262509092937 0.8434426855353396 0.523214337395541 0.8434426855353396 0.523214337395541 0.8508553598987482 0.5156262509092937 0.8508553598987482
0 0.5408712309500785 0.8422722632674328 0.5468541452950044 0.8422722632674328 0.5468541452950044 0.8516356414106858 0.5408712309500785 0.8516356414106858
0 0.5613006945668986 0.8411018409995262 0.5680132326124252 0.8411018409995262 0.5680132326124252 0.8492947968748729 0.5613006945668986 0.8492947968748729
0 0.5820220076639588 0.8397363483536351 0.5890263951897259 0.8397363483536351 0.5890263951897259 0.8483194449849506 0.5820220076639588 0.8483194449849506
