0 0.1430003791431876 0.023993656492086148 0.14912921822823366 0.023993656492086148 0.14912921822823366 0.03277182350138596 0.1430003791431876 0.03277182350138596
0 0.16372169224024793 0.024773938004023912 0.170872004506135 0.024773938004023912 0.170872004506135 0.0329668938793704 0.16372169224024793 0.0329668938793704
0 0.1934903392247572 0.027895064051774953 0.1990354793493226 0.027895064051774953 0.1990354793493226 0.035502808793168125 0.1934903392247572 0.035502808793168125
0 0.21654644816373986 0.02379858611410171 0.2239886099098672 0.02379858611410171 0.2239886099098672 0.02945562707565047 0.21654644816373986 0.02945562707565047
0 0.24821211676981095 0.023213374980148388 0.25434095585485694 0.023213374980148388 0.25434095585485694 0.03082111972154156 0.24821211676981095 0.03082111972154156
0 0.14387592758390846 0.07705279930385389 0.15146401407015592 0.07705279930385389 0.15146401407015592 0.08544082555718482 0.14387592758390846 0.08544082555718482
0 0.16882905814445295 0.07607744741393169 0.1756875209300997 0.07607744741393169 0.1756875209300997 0.08602603669113815 0.16882905814445295 0.08602603669113815
0 0.19173924234331546 0.08036899572958937 0.1991814040894428 0.08036899572958937 0.1991814040894428 0.0877816700929981 0.19173924234331546 0.0877816700929981
0 0.21625459868349953 0.07724786968183833 0.22369676042962683 0.07724786968183833 0.22369676042962683 0.08544082555718482 0.21625459868349953 0.08544082555718482
0 0.2460232456680088 0.07295632136618066 0.2505469126117333 0.07295632136618066 0.2505469126117333 0.08251476988741824 0.2460232456680088 0.08251476988741824
0 0.14022780908090487 0.16132320259313207 0.14723219660667175 0.16132320259313207 0.14723219660667175 0.1706865807363852 0.14022780908090487 0.1706865807363852
0 0.1720394024270961 0.16171334334910095 0.17700084359118093 0.16171334334910095 0.17700084359118093 0.17127179187033847 0.1720394024270961 0.17127179187033847
0 0.19567921032655933 0.1605429210811943 0.20180804941160532 0.1605429210811943 0.20180804941160532 0.1695161584684786 0.19567921032655933 0.1695161584684786
0 0.22179973880806497 0.1661999620427431 0.22807450263323115 0.1661999620427431 0.22807450263323115 0.1769288328318873 0.22179973880806497 0.1769288328318873
0 0.24806619202969077 0.16385911750692977 0.2541950311147368 0.16385911750692977 0.2541950311147368 0.17556334018599623 0.24806619202969077 0.17556334018599623
0 0.14139520700186603 0.21867389372055748 0.14912921822823363 0.21867389372055748 0.14912921822823363 0.22589149770598177 0.14139520700186603 0.22589149770598177
0 0.15146401407015592 0.21301685275900875 0.1589061758162832 0.21301685275900875 0.1589061758162832 0.22062459750040186 0.15146401407015592 0.22062459750040186
0 0.20443469473376794 0.22550135695001294 0.21143908225953476 0.22550135695001294 0.21143908225953476 0.23525487584923493 0.20443469473376794 0.23525487584923493
0 0.2337655674979167 0.21750347145265087 0.2398944065829628 0.21750347145265087 0.2398944065829628 0.2284274126197795 0.2337655674979167 0.2284274126197795
0 0.2638260639626662 0.22413586430412186 0.2690793546069914 0.22413586430412186 0.2690793546069914 0.2342795239593127 0.2638260639626662 0.2342795239593127
0 0.13979003486054445 0.3201104902724664 0.14591887394559047 0.3201104902724664 0.14591887394559047 0.3302541499276572 0.13979003486054445 0.3302541499276572
0 0.16240836957916663 0.32206119405231076 0.1695586818450537 0.32206119405231076 0.1695586818450537 0.3304492203056417 0.16240836957916663 0.3304492203056417
0 0.1850267042977889 0.31894006800455976 0.19232294130379604 0.31894006800455976 0.19232294130379604 0.32771823501385955 0.1850267042977889 0.32771823501385955
0 0.22019456666674342 0.3245971089661086 0.22719895419251032 0.3245971089661086 0.22719895419251032 0.3349358389992839 0.22019456666674342 0.3349358389992839
0 0.2544868805949771 0.3245971089661086 0.26032387019978276 0.3245971089661086 0.26032387019978276 0.33396048710936166 0.2544868805949771 0.33396048710936166
0 0.1396441101204243 0.36907315514656086 0.14621072342583075 0.36907315514656086 0.14621072342583075 0.37804639253384525 0.1396441101204243 0.37804639253384525
0 0.16284614379952708 0.3723893515722964 0.1692668323648134 0.3723893515722964 0.1692668323648134 0.38214287047151846 0.16284614379952708 0.38214287047151846
0 0.18575632799838956 0.36907315514656086 0.19436588766547802 0.36907315514656086 0.19436588766547802 0.3759006183760164 0.18575632799838956 0.3759006183760164
0 0.21070945855893408 0.36790273287865427 0.21581682446313905 0.36790273287865427 0.21581682446313905 0.37765625177787626 0.21070945855893408 0.37765625177787626
0 0.23216039535659516 0.37121892930438977 0.2384351591817613 0.37121892930438977 0.2384351591817613 0.38097244820361176 0.23216039535659516 0.38097244820361176
0 0.13278564733477755 0.47343580736823637 0.14110335752162573 0.47343580736823637 0.14110335752162573 0.4826041151335051 0.13278564733477755 0.4826041151335051
0 0.1555499067935199 0.4712900332104076 0.16313799327976736 0.4712900332104076 0.16313799327976736 0.4806534113536608 0.1555499067935199 0.4806534113536608
0 0.17729269307142126 0.4722653851003298 0.18371338163670758 0.4722653851003298 0.18371338163670758 0.48045834097567625 0.17729269307142126 0.48045834097567625
0 0.19932732882956286 0.4738259481242053 0.2060398668750895 0.4738259481242053 0.2060398668750895 0.48299425588947403 0.19932732882956286 0.48299425588947403
0 0.2242804593901074 0.4753865111480809 0.23420334171827717 0.4753865111480809 0.23420334171827717 0.48357946702342736 0.2242804593901074 0.48357946702342736
0 0.13701746479826168 0.5264949501800041 0.14343815336354804 0.5264949501800041 0.14343815336354804 0.5344928356773663 0.13701746479826168 0.5344928356773663
0 0.1609491221779652 0.5317618503855841 0.16649426230253064 0.5317618503855841 0.16649426230253064 0.5417104396627904 0.1609491221779652 0.5417104396627904
0 0.18371338163670756 0.5259097390460509 0.189258521761273 0.5259097390460509 0.189258521761273 0.5364435394572107 0.18371338163670756 0.5364435394572107
0 0.20370507103316718 0.5272752316919419 0.2108553832990542 0.5272752316919419 0.2108553832990542 0.5356632579452729 0.20370507103316718 0.5356632579452729
0 0.2314307716559944 0.5278604428258953 0.23916478288236204 0.5278604428258953 0.23916478288236204 0.5374188913471328 0.2314307716559944 0.5374188913471328
0 0.13322342155513797 0.6207139427464888 0.14022780908090487 0.6207139427464888 0.14022780908090487 0.6281266171098975 0.13322342155513797 0.6281266171098975
0 0.1574469284150818 0.6175928166987378 0.1632839180198875 0.6175928166987378 0.1632839180198875 0.6275414059759442 0.1574469284150818 0.6275414059759442
0 0.1756875209300997 0.6203238019905198 0.18298375793610686 0.6203238019905198 0.18298375793610686 0.6289068986218352 0.1756875209300997 0.6289068986218352
0 0.20866651219725207 0.6246153503061777 0.21654644816373986 0.6246153503061777 0.21654644816373986 0.6333935173154774 0.20866651219725207 0.6333935173154774
0 0.23960255710272244 0.624810420684162 0.24689879410872956 0.624810420684162 0.24689879410872956 0.6335885876934618 0.23960255710272244 0.6335885876934618
0 0.13774708849886244 0.6737730855582564 0.1450433255048696 0.6737730855582564 0.1450433255048696 0.683721674835463 0.13774708849886244 0.683721674835463
0 0.1540906593923185 0.6581674553195014 0.16167874587856595 0.6581674553195014 0.16167874587856595 0.6677259038407388 0.1540906593923185 0.6677259038407388
0 0.184151155857068 0.6688963261086456 0.1927607155241565 0.6688963261086456 0.1927607155241565 0.678844915385852 0.184151155857068 0.678844915385852
0 0.21319017914097654 0.67260266329035 0.21961086770626287 0.67260266329035 0.21961086770626287 0.6829413933235251 0.21319017914097654 0.6829413933235251
0 0.23449519119851708 0.6718223817784099 0.24193735294464472 0.6718223817784099 0.24193735294464472 0.6802104080317432 0.23449519119851708 0.6802104080317432
0 0.13494316270729775 0.7724690239070783 0.14061131376981567 0.7724690239070783 0.14061131376981567 0.7832704415310102 0.13494316270729775 0.7832704415310102
0 0.15122402214218977 0.7792400618205878 0.1580981627924775 0.7792400618205878 0.1580981627924775 0.7902026946329365 0.15122402214218977 0.7902026946329365
0 0.1731730326395997 0.7781115555016694 0.17896178266089463 0.7781115555016694 0.17896178266089463 0.7882681123719337 0.1731730326395997 0.7882681123719337
0 0.20091079315830465 0.7750484669217486 0.20850852756125426 0.7750484669217486 0.20850852756125426 0.784560163038345 0.20091079315830465 0.784560163038345
0 0.22382459532593046 0.7781115555016694 0.2290103505533405 0.7781115555016694 0.2290103505533405 0.7903639098213533 0.22382459532593046 0.7903639098213533
0 0.13711394396528334 0.8248639601425684 0.1438674856567941 0.8248639601425684 0.1438674856567941 0.8321186436213283 0.13711394396528334 0.8321186436213283
0 0.15737456903981564 0.8277658335340724 0.16352511593744148 0.8277658335340724 0.16352511593744148 0.8385672511580042 0.15737456903981564 0.8385672511580042
0 0.17799699099067887 0.8338920106939143 0.18523292851729753 0.8338920106939143 0.18523292851729753 0.8403406182305899 0.17799699099067887 0.8403406182305899
0 0.19705162647744134 0.8355041625780832 0.20452876192161396 0.8355041625780832 0.20452876192161396 0.8422752004915928 0.19705162647744134 0.8422752004915928
0 0.20911152235513913 0.8385672511580045 0.21719165259319667 0.8385672511580045 0.21719165259319667 0.8464667953904322 0.20911152235513913 0.8464667953904322
0 0.24927097562787282 0.8361490233317508 0.2560245173193835 0.8361490233317508 0.2560245173193835 0.8467892257672657 0.24927097562787282 0.8467892257672657
0 0.45097398895930957 0.0010385546923891618 0.45835457046510625 0.0010385546923891618 0.45835457046510625 0.007789160192918702 0.45097398895930957 0.007789160192918702
0 0.4688427652365009 0.0031156640771674805 0.4771944758877971 0.0031156640771674805 0.4771944758877971 0.012462656308669922 0.4688427652365009 0.012462656308669922
0 0.49350944553218956 0.006231328154334961 0.501278478696186 0.006231328154334961 0.501278478696186 0.016097597732031982 0.49350944553218956 0.016097597732031982
0 0.5166223191950791 0.00337530275026477 0.5247798040172753 0.00337530275026477 0.5247798040172753 0.01012590825079431 0.5166223191950791 0.01012590825079431
0 0.5397351928579684 0.005712050808140382 0.5480869035092647 0.005712050808140382 0.5480869035092647 0.012722294981767208 0.5397351928579684 0.012722294981767208
0 0.45349892473760806 0.05763978542759839 0.46165640955980425 0.05763978542759839 0.46165640955980425 0.06594822296671167 0.45349892473760806 0.06594822296671167
0 0.47330995930579894 0.056601230735209236 0.48107899246979535 0.056601230735209236 0.48107899246979535 0.06465002960122523 0.47330995930579894 0.06465002960122523
0 0.4971997362850879 0.050369902580874266 0.5053572211072841 0.050369902580874266 0.5053572211072841 0.05712050808140382 0.4971997362850879 0.05712050808140382
0 0.5181761258278783 0.050889179927068845 0.5243913523590755 0.050889179927068845 0.5243913523590755 0.060755449504765885 0.5181761258278783 0.060755449504765885
0 0.5438139352690665 0.04907170921538781 0.5490580326547642 0.04907170921538781 0.5490580326547642 0.05763978542759839 0.5438139352690665 0.05763978542759839
0 0.4501965578840336 0.15458190180842163 0.4562317965570474 0.15458190180842163 0.4562317965570474 0.1639405869382638 0.4501965578840336 0.1639405869382638
0 0.47204412188034317 0.148611706122143 0.4779586557798966 0.148611706122143 0.4779586557798966 0.15845446117249426 0.47204412188034317 0.15845446117249426
0 0.4922018190482089 0.15409783188791254 0.49775423862738144 0.15409783188791254 0.49775423862738144 0.16539279669979104 0.4922018190482089 0.16539279669979104
0 0.5109110589345514 0.15345240532723378 0.5180326405687075 0.15345240532723378 0.5180326405687075 0.16248837717673656 0.5109110589345514 0.16248837717673656
0 0.532758622930861 0.15200019556570654 0.5393973854711759 0.15200019556570654 0.5393973854711759 0.16216566389639717 0.532758622930861 0.16216566389639717
0 0.44850669105558977 0.211540795788323 0.45478333927552406 0.211540795788323 0.45478333927552406 0.22073812427799547 0.44850669105558977 0.22073812427799547
0 0.4685436834499952 0.2113794391481533 0.47409610302916777 0.2113794391481533 0.47409610302916777 0.2202540543574864 0.4685436834499952 0.2202540543574864
0 0.48556305650789383 0.2042797469806869 0.4925639333685897 0.2042797469806869 0.4925639333685897 0.2125089356293412 0.48556305650789383 0.2125089356293412
0 0.5084969634653459 0.20331160713966873 0.5161013641933431 0.20331160713966873 0.5161013641933431 0.2110567258678139 0.5084969634653459 0.2110567258678139
0 0.5269647938047677 0.20153668409780212 0.5336035563450828 0.20153668409780212 0.5336035563450828 0.21008858602679578 0.5269647938047677 0.21008858602679578
0 0.4492309196963514 0.32029517126269574 0.45647320610396785 0.32029517126269574 0.45647320610396785 0.3275562200703319 0.4492309196963514 0.3275562200703319
0 0.4769930175922144 0.3188429615011685 0.4825454371713869 0.3188429615011685 0.4825454371713869 0.3293311431121985 0.4769930175922144 0.3293311431121985
0 0.504151591620776 0.31109784277302327 0.5101868302937896 0.31109784277302327 0.5101868302937896 0.31997245798235635 0.504151591620776 0.31997245798235635
0 0.5275683176720691 0.3086774931704779 0.5342070802123842 0.3086774931704779 0.5342070802123842 0.3181975349404897 0.5275683176720691 0.3181975349404897
0 0.5566581680759951 0.3122273392542111 0.5623312924286279 0.3122273392542111 0.5623312924286279 0.32271552086524113 0.5566581680759951 0.32271552086524113
0 0.4568353204243486 0.37079979963580945 0.4639569020585048 0.37079979963580945 0.4639569020585048 0.3795130582049728 0.4568353204243486 0.3795130582049728
0 0.4819419133040856 0.3674113101922459 0.4889427901647815 0.3674113101922459 0.4889427901647815 0.3758018554810698 0.4819419133040856 0.3758018554810698
0 0.5053586393553787 0.3607956879452885 0.5123595162160745 0.3607956879452885 0.5123595162160745 0.3701543730751307 0.5053586393553787 0.3701543730751307
0 0.5285339558597513 0.3543414223385008 0.5348106040796855 0.3543414223385008 0.5348106040796855 0.36515231722987024 0.5285339558597513 0.36515231722987024
0 0.5497779959887594 0.355793632100028 0.5572616919432964 0.355793632100028 0.5572616919432964 0.3653136738700399 0.5497779959887594 0.3653136738700399
0 0.4512829008451761 0.47003413334017025 0.4576802538385707 0.47003413334017025 0.4576802538385707 0.4801996016708608 0.4512829008451761 0.4801996016708608
0 0.4778379510064363 0.47197041302220666 0.4853216469609733 0.47197041302220666 0.4853216469609733 0.48068367159136993 0.4778379510064363 0.48068367159136993
0 0.4944952097439541 0.47003413334017025 0.501978905698491 0.47003413334017025 0.501978905698491 0.4782633219888246 0.4944952097439541 0.4782633219888246
0 0.5185154596625486 0.46745242709745516 0.5272062033516884 0.46745242709745516 0.5272062033516884 0.47568161574610957 0.5185154596625486 0.47568161574610957
0 0.5431392334484444 0.4682592102983037 0.5512264532702826 0.4682592102983037 0.5512264532702826 0.47519754582560053 0.5431392334484444 0.47519754582560053
0 0.4506793769778747 0.524249964437187 0.4555075679162857 0.524249964437187 0.4555075679162857 0.5337700062071988 0.4506793769778747 0.5337700062071988
0 0.47373398870878697 0.5223136847551506 0.4794071130614199 0.5223136847551506 0.4794071130614199 0.5321564398055018 0.47373398870878697 0.5321564398055018
0 0.5036687725269349 0.5202160484329447 0.509462601653028 0.5202160484329447 0.509462601653028 0.5308655866841444 0.5036687725269349 0.5308655866841444
0 0.5227401267336581 0.5223136847551506 0.5293788892739733 0.5223136847551506 0.5293788892739733 0.5318337265251625 0.5227401267336581 0.5318337265251625
0 0.5498987007622197 0.5223136847551506 0.5573823967167566 0.5223136847551506 0.5573823967167566 0.5311882999644837 0.5498987007622197 0.5311882999644837
0 0.45635250133050753 0.6275182141457901 0.46166351136275957 0.6275182141457901 0.46166351136275957 0.6376836824764808 0.45635250133050753 0.6376836824764808
0 0.4713198932395815 0.6276795707859598 0.4782000653268171 0.6276795707859598 0.4782000653268171 0.637038255915802 0.4713198932395815 0.637038255915802
0 0.49799564817430203 0.6260660043842629 0.5058414584492198 0.6260660043842629 0.5058414584492198 0.6357474027944444 0.49799564817430203 0.6357474027944444
0 0.5205674408113732 0.6278409274261295 0.5267233842578471 0.6278409274261295 0.5267233842578471 0.639135892238008 0.5205674408113732 0.639135892238008
0 0.5402423188853978 0.6268727875851113 0.5474846052930143 0.6268727875851113 0.5474846052930143 0.635424689514105 0.5402423188853978 0.635424689514105
0 0.4509207865247952 0.6802818354812795 0.4575595490651103 0.6802818354812795 0.4575595490651103 0.6906086604521398 0.4509207865247952 0.6906086604521398
0 0.4748203316699295 0.682702185083825 0.4832696658121486 0.682702185083825 0.4832696658121486 0.6918995135734973 0.4748203316699295 0.6918995135734973
0 0.49799564817430203 0.6862520311675583 0.5063242775430609 0.6862520311675583 0.5063242775430609 0.694803933096552 0.49799564817430203 0.694803933096552
0 0.5253956317497842 0.6780228425189039 0.5311894608758773 0.6780228425189039 0.5311894608758773 0.6872201710085765 0.5253956317497842 0.6872201710085765
0 0.5420528904873019 0.6794750522804311 0.5489330625745376 0.6794750522804311 0.5489330625745376 0.6899632338914613 0.5420528904873019 0.6899632338914613
0 0.45538686314282534 0.785970434792428 0.4622670352300609 0.785970434792428 0.4622670352300609 0.796458616403458 0.45538686314282534 0.796458616403458
0 0.4791657035144993 0.7782253160642828 0.4858044660548143 0.7782253160642828 0.4858044660548143 0.788552141035143 0.4791657035144993 0.788552141035143
0 0.5027031343392526 0.781775162148016 0.5100661255203294 0.781775162148016 0.5100661255203294 0.7906497773573491 0.5027031343392526 0.7906497773573491
0 0.5296202988208937 0.7824205887086948 0.5350520136266058 0.7824205887086948 0.5350520136266058 0.792263343759046 0.5296202988208937 0.792263343759046
0 0.5470017861991732 0.7827433019890342 0.5549683012475511 0.7827433019890342 0.5549683012475511 0.7916179171983673 0.5470017861991732 0.7916179171983673
0 0.45345558676746095 0.8371204897262207 0.4606978731750774 0.8371204897262207 0.4606978731750774 0.8472859580569112 0.45345558676746095 0.8472859580569112
0 0.4784414748737376 0.8359909932450326 0.4856837612813541 0.8359909932450326 0.4856837612813541 0.8448656084543655 0.4784414748737376 0.8448656084543655
0 0.5016167913781102 0.8290526577177358 0.5082555539184251 0.8290526577177358 0.5082555539184251 0.8388954127680871 0.5016167913781102 0.8388954127680871
0 0.5317929847431786 0.8272777346758693 0.5380696329631127 0.8272777346758693 0.5380696329631127 0.8369591330860509 0.5317929847431786 0.8369591330860509
0 0.5553304155679321 0.8324411471612995 0.5631762258428498 0.8324411471612995 0.5631762258428498 0.8403476225296145 0.5553304155679321 0.8403476225296145
