0 0.4431132287836191 0.30226482188524745 0.4509799043691581 0.30226482188524745 0.4509799043691581 0.31006707041016623 0.4431132287836191 0.31006707041016623
0 0.48219284298274856 0.29989022450809827 0.48929822738259027 0.29989022450809827 0.48929822738259027 0.3083709294264882 0.48219284298274856 0.3083709294264882
0 0.5022401775394448 0.30226482188524745 0.510106853124984 0.30226482188524745 0.510106853124984 0.3107455268036374 0.5022401775394448 0.3107455268036374
0 0.5436036652956664 0.3053178756558678 0.5499477585098106 0.3053178756558678 0.5499477585098106 0.31176321139384416 0.5436036652956664 0.31176321139384416
0 0.5755778950949542 0.3036217346721899 0.5811606971234013 0.3036217346721899 0.5811606971234013 0.3121024395905798 0.5755778950949542 0.3121024395905798
0 0.44209817386935596 0.3517921386086446 0.4497110857263292 0.3517921386086446 0.4497110857263292 0.36298666910091937 0.44209817386935596 0.36298666910091937
0 0.48041649688278815 0.3545059641825295 0.48904446365402454 0.3545059641825295 0.48904446365402454 0.3629866691009194 0.48041649688278815 0.3629866691009194
0 0.5106143805821155 0.3551844205760006 0.518988583624786 0.3551844205760006 0.518988583624786 0.365022038281333 0.5106143805821155 0.365022038281333
0 0.547410121224153 0.3578982461498854 0.5545155056239947 0.3578982461498854 0.5545155056239947 0.36671817926501094 0.547410121224153 0.36671817926501094
0 0.5819219883090986 0.35586287696947183 0.589281136437506 0.35586287696947183 0.589281136437506 0.365022038281333 0.5819219883090986 0.365022038281333
0 0.438545481669435 0.4650943563183341 0.4446358111550136 0.4650943563183341 0.4446358111550136 0.4756104304171377 0.438545481669435 0.4756104304171377
0 0.4887906999254587 0.4664512691052765 0.4966573755109978 0.4664512691052765 0.4966573755109978 0.4745927458269309 0.4887906999254587 0.4745927458269309
0 0.527109022938891 0.4735750612367241 0.5339606436101669 0.4735750612367241 0.5339606436101669 0.4840911353355276 0.527109022938891 0.4840911353355276
0 0.5692338018808097 0.4583097923836222 0.5760854225520858 0.4583097923836222 0.5760854225520858 0.46679049730201216 0.5692338018808097 0.46679049730201216
0 0.6095822347227682 0.46780818189221884 0.6166876191226098 0.46780818189221884 0.6166876191226098 0.4766281150073443 0.6095822347227682 0.4766281150073443
0 0.4580852887689998 0.5339576802556604 0.46544443689740733 0.5339576802556604 0.46544443689740733 0.5427776133707859 0.4580852887689998 0.5427776133707859
0 0.4847304802684063 0.5105509346809041 0.49158210093968224 0.5105509346809041 0.49158210093968224 0.5193708677960297 0.4847304802684063 0.5193708677960297
0 0.5174660012533914 0.5166570422221449 0.5238100944675359 0.5166570422221449 0.5238100944675359 0.5271731163209484 0.5174660012533914 0.5271731163209484
0 0.5608595988381392 0.5207277805829721 0.5679649832379807 0.5207277805829721 0.5679649832379807 0.53090462648504 0.5608595988381392 0.53090462648504
0 0.6039994326943211 0.5146216730417313 0.6111048170941629 0.5146216730417313 0.6111048170941629 0.5231023779601213 0.6039994326943211 0.5231023779601213
