0 0.45251155964629725 0.3162333226703909 0.46014042984084014 0.3162333226703909 0.46014042984084014 0.3248863228722087 0.45251155964629725 0.3248863228722087
0 0.4712369683056298 0.3162333226703909 0.48025290580827135 0.3162333226703909 0.48025290580827135 0.3233411442647413 0.4712369683056298 0.3233411442647413
0 0.49296768946584285 0.3159242869488974 0.5005965596603856 0.3159242869488974 0.5005965596603856 0.32488632287220875 0.49296768946584285 0.32488632287220875
0 0.5105372087017598 0.3174694655563649 0.5170101894728872 0.3174694655563649 0.5170101894728872 0.32674053720116963 0.5105372087017598 0.32674053720116963
0 0.5297249731304585 0.3165423583918844 0.5378161990943677 0.3165423583918844 0.5378161990943677 0.32550439431519573 0.5297249731304585 0.32550439431519573
0 0.455979227916544 0.37896757413357024 0.4654575211885518 0.37896757413357024 0.4654575211885518 0.3882386457783751 0.455979227916544 0.3882386457783751
0 0.48256468465510255 0.3724778239822068 0.4904247327343286 0.3724778239822068 0.4904247327343286 0.3836031099559726 0.48256468465510255 0.3836031099559726
0 0.5047577615846819 0.3706236096532458 0.5140048769720066 0.3706236096532458 0.5140048769720066 0.38051275274103763 0.5047577615846819 0.38051275274103763
0 0.5276443721683105 0.36660614527383045 0.5343485308241209 0.36660614527383045 0.5343485308241209 0.3792766098550636 0.5276443721683105 0.3792766098550636
0 0.5486815596744742 0.36691518099532394 0.5570039635230665 0.36691518099532394 0.5570039635230665 0.37742239552610274 0.5486815596744742 0.37742239552610274
0 0.4594468961867908 0.4784770764544754 0.4666134106119675 0.4784770764544754 0.4666134106119675 0.48651200521330634 0.4594468961867908 0.48651200521330634
0 0.4851023129675528 0.4798449992799158 0.49341015260941007 0.4798449992799158 0.49341015260941007 0.48889418327668827 0.4851023129675528 0.48889418327668827
0 0.5106412274221508 0.48395826473299414 0.5192567648285213 0.48395826473299414 0.5192567648285213 0.49383010182038223 0.5106412274221508 0.49383010182038223
0 0.5423340971670135 0.4790223461893002 0.550949634573384 0.4790223461893002 0.550949634573384 0.48848285673138053 0.5423340971670135 0.48848285673138053
0 0.5663345227990454 0.4790223461893002 0.5755654557344422 0.4790223461893002 0.5755654557344422 0.48683755055014905 0.5663345227990454 0.48683755055014905
0 0.4838715219094999 0.5361967359870898 0.4940255481384364 0.5361967359870898 0.4940255481384364 0.5464798996197859 0.4838715219094999 0.5464798996197859
0 0.5063334587189657 0.5320834705340115 0.5155643916543625 0.5320834705340115 0.5155643916543625 0.5431892872573233 0.5063334587189657 0.5431892872573233
0 0.530949279880024 0.5275588785356252 0.5395648172863944 0.5275588785356252 0.5395648172863944 0.5378420421683213 0.530949279880024 0.5378420421683213
0 0.5512573323378972 0.525502245809086 0.5592574742152412 0.525502245809086 0.5592574742152412 0.5366080625323978 0.5512573323378972 0.5366080625323978
0 0.45279404769366366 0.6258659228641993 0.4629480739226003 0.6258659228641993 0.4629480739226003 0.6340924537703561 0.45279404769366366 0.6340924537703561
0 0.48048684649985435 0.6287452086813541 0.486640801790119 0.6287452086813541 0.486640801790119 0.6382057192234344 0.48048684649985435 0.6382057192234344
0 0.5057180631899392 0.6275112290454306 0.5127951117737435 0.6275112290454306 0.5127951117737435 0.6365604130422031 0.5057180631899392 0.6365604130422031
0 0.5272569067058652 0.6188733715939659 0.537718630699315 0.6188733715939659 0.537718630699315 0.6324471475891247 0.5272569067058652 0.6324471475891247
0 0.5524881233959501 0.6209300043205052 0.5604882652732939 0.6209300043205052 0.5604882652732939 0.6295678617719698 0.5524881233959501 0.6295678617719698
0 0.45433253651622985 0.6830403126619891 0.4614095851000341 0.6830403126619891 0.4614095851000341 0.6920894966587616 0.45433253651622985 0.6920894966587616
0 0.48110224202888074 0.6813950064807578 0.48941008167073796 0.6813950064807578 0.48941008167073796 0.6920894966587616 0.48110224202888074 0.6920894966587616
0 0.5060257609544524 0.6879762312056833 0.510948925186664 0.6879762312056833 0.510948925186664 0.6994933744743028 0.5060257609544524 0.6994933744743028
0 0.529718488821971 0.6830403126619891 0.5380263284638283 0.6830403126619891 0.5380263284638283 0.691266843568146 0.529718488821971 0.691266843568146
0 0.5525495996919139 0.68174737058925 0.5622760922105124 0.68174737058925 0.5622760922105124 0.6919634274981258 0.5525495996919139 0.6919634274981258
0 0.46483747965812383 0.790873433024969 0.47230603641347624 0.790873433024969 0.47230603641347624 0.7989998419297567 0.46483747965812383 0.7989998419297567
0 0.4915853340842697 0.7911056161365344 0.5007907645036574 0.7911056161365344 0.5007907645036574 0.8013216730454102 0.4915853340842697 0.8013216730454102
0 0.5204174369072581 0.7899447005787075 0.5275386189298034 0.7899447005787075 0.5275386189298034 0.7996963912644527 0.5204174369072581 0.7996963912644527
0 0.5435178566389295 0.7864619539052273 0.5534180365239315 0.7864619539052273 0.5534180365239315 0.7973745601487993 0.5435178566389295 0.7973745601487993
0 0.5660972142713903 0.790176883690273 0.574607895225164 0.790176883690273 0.574607895225164 0.799928574376018 0.5660972142713903 0.799928574376018
0 0.45788998500198214 0.8438111824618713 0.46761647752058055 0.8438111824618713 0.46761647752058055 0.8524019575897895 0.45788998500198214 0.8524019575897895
0 0.4896747730538307 0.8419537175693482 0.49801176664120084 0.8419537175693482 0.49801176664120084 0.8512410420319626 0.4896747730538307 0.8512410420319626
0 0.5157278780143624 0.8433468162387405 0.5230227474033112 0.8433468162387405 0.5230227474033112 0.8519375913666589 0.5157278780143624 0.8519375913666589
0 0.5405651714100692 0.842418083792479 0.5468179166005968 0.842418083792479 0.5468179166005968 0.8510088589203973 0.5405651714100692 0.8510088589203973
0 0.5615813427448981 0.840560618899956 0.5681814626682329 0.840560618899956 0.5681814626682329 0.8498479433625704 0.5615813427448981 0.8498479433625704
0 0.5820764519805164 0.8387031540074331 0.5893713213694652 0.8387031540074331 0.5893713213694652 0.8486870278047435 0.5820764519805164 0.8486870278047435
