1 82.61 202.06 696.13 302.19
1 83.04 306.04 696.13 408.25
0 85.93 204.41 241.46 299.57
0 84.51 308.81 242.60 405.10
1 76.16 550.25 689.25 656.60
1 77.02 439.24 690.11 545.59
0 79.04 553.32 237.13 654.55
0 79.04 441.81 237.13 543.04
1 72.73 781.29 689.25 887.64
1 72.73 670.34 689.25 776.69
0 75.52 783.99 234.78 885.22
0 75.52 671.88 235.95 773.11
1 79.76 1017.99 696.28 1125.91
1 79.76 903.16 696.28 1012.63
0 81.77 1021.47 240.25 1122.70
0 82.55 906.64 239.47 1010.21
1 80.54 1250.01 697.07 1357.92
1 79.76 1136.74 696.28 1244.65
0 84.90 1252.71 244.15 1353.94
0 82.55 1139.44 241.81 1242.23
1 717.91 300.50 1354.09 407.66
1 717.13 187.23 1353.31 294.39
0 720.04 190.35 892.21 290.28
0 720.90 302.06 890.49 404.57
1 712.76 543.69 1363.54 654.29
1 713.62 425.96 1364.40 536.56
0 716.60 428.38 888.77 533.47
0 716.60 546.97 888.77 652.91
1 716.20 777.43 1366.98 888.03
1 714.48 662.28 1365.26 772.88
0 718.32 780.70 887.05 885.09
0 718.32 663.83 887.05 769.78
1 715.61 1017.48 1366.40 1128.08
1 716.20 900.68 1366.98 1011.28
0 718.32 1021.34 887.05 1125.73
0 718.91 903.37 887.64 1007.76
1 720.41 1250.65 1361.06 1358.58
1 720.41 1136.47 1361.06 1244.40
0 722.05 1252.38 885.91 1355.17
0 723.82 1139.05 885.91 1241.84
1 1379.30 306.21 1989.33 417.11
1 1378.76 189.36 1988.80 300.26
0 1382.74 190.88 1554.91 296.68
0 1381.14 308.37 1553.31 413.00
1 1385.75 539.81 1995.79 650.71
1 1383.99 430.06 1994.03 534.50
0 1388.77 541.38 1555.65 646.01
0 1388.18 431.04 1555.07 531.56
1 1379.89 779.28 1998.72 890.18
1 1378.12 661.89 1999.31 772.79
0 1382.90 781.44 1558.00 886.07
0 1381.72 664.64 1557.41 769.27
1 1386.34 1013.47 2005.18 1124.36
1 1385.17 896.67 2004.00 1007.56
0 1389.35 1015.04 1553.89 1119.66
0 1388.77 898.83 1553.31 1003.45
1 1378.53 1245.48 1997.37 1356.38
1 1376.97 1133.77 1995.80 1240.76
0 1382.32 1247.84 1546.86 1352.46
0 1380.76 1136.91 1545.30 1236.84
