1 83.04 197.91 696.13 416.57
1 71.97 427.64 694.74 653.23
1 72.06 672.54 694.26 887.57
1 76.63 904.64 693.12 1115.09
1 83.49 1142.54 695.41 1358.71
1 720.24 186.05 1355.74 405.25
1 711.03 427.35 1359.43 648.40
1 709.19 664.98 1361.27 889.71
1 712.87 906.28 1364.95 1121.80
1 712.87 1136.54 1361.27 1353.90
1 1370.64 190.99 1990.65 417.95
1 1372.02 427.64 1998.95 650.46
1 1384.48 667.07 1996.19 882.96
1 1381.71 898.19 2001.72 1114.62
1 1379.87 1140.78 1993.83 1347.45
0 86.96 200.50 242.93 413.18
0 714.38 431.88 886.99 644.56
0 73.73 431.14 241.28 650.44
0 74.68 675.97 229.77 883.92
0 80.35 907.55 239.59 1111.73
0 86.96 1144.81 244.82 1355.61
0 724.07 188.97 890.43 401.65
0 712.30 667.91 888.03 884.75
0 717.50 910.18 890.11 1117.67
0 716.46 1139.97 889.07 1349.54
0 1373.93 194.17 1551.74 411.01
0 1374.97 430.20 1556.94 647.04
0 1387.45 671.43 1557.98 878.91
0 1386.41 902.26 1550.70 1109.74
0 1383.29 1144.53 1547.58 1343.70

